vessel	cruise	haul	species	sex	specimen	age	length
518	198101	40	20510	1	1004	2	46
518	198101	53	20510	1	835	2	53
518	198101	53	20510	2	895	2	47
518	198101	67	20510	2	72	2	45
518	198101	67	20510	2	73	2	45
518	198101	92	20510	1	162	2	39
518	198101	92	20510	2	234	2	43
518	198101	92	20510	2	235	2	44
518	198101	40	20510	1	1001	3	44
518	198101	40	20510	1	1002	3	45
518	198101	40	20510	1	1003	3	46
518	198101	40	20510	1	1005	3	47
518	198101	40	20510	1	1006	3	47
518	198101	40	20510	1	1007	3	48
518	198101	40	20510	1	1009	3	49
518	198101	40	20510	1	1010	3	49
518	198101	40	20510	1	1011	3	50
518	198101	40	20510	1	1012	3	50
518	198101	40	20510	1	1013	3	51
518	198101	40	20510	1	1023	3	56
518	198101	40	20510	1	1026	3	57
518	198101	40	20510	2	1066	3	47
518	198101	40	20510	2	1067	3	48
518	198101	40	20510	2	1068	3	48
518	198101	40	20510	2	1069	3	49
518	198101	40	20510	2	1070	3	49
518	198101	40	20510	2	1071	3	50
518	198101	40	20510	2	1073	3	51
518	198101	40	20510	2	1075	3	52
518	198101	40	20510	2	1078	3	53
518	198101	40	20510	2	1084	3	56
518	198101	40	20510	2	1086	3	57
518	198101	40	20510	2	1096	3	62
518	198101	53	20510	1	820	3	46
518	198101	53	20510	1	821	3	46
518	198101	53	20510	1	822	3	47
518	198101	53	20510	1	823	3	47
518	198101	53	20510	1	824	3	48
518	198101	53	20510	1	825	3	48
518	198101	53	20510	1	826	3	49
518	198101	53	20510	1	827	3	49
518	198101	53	20510	1	830	3	51
518	198101	53	20510	1	831	3	51
518	198101	53	20510	1	836	3	54
518	198101	53	20510	1	841	3	56
518	198101	53	20510	2	892	3	45
518	198101	53	20510	2	893	3	45
518	198101	53	20510	2	894	3	47
518	198101	53	20510	2	896	3	48
518	198101	53	20510	2	897	3	48
518	198101	53	20510	2	898	3	49
518	198101	53	20510	2	899	3	49
518	198101	53	20510	2	902	3	51
518	198101	53	20510	2	903	3	51
518	198101	53	20510	2	906	3	53
518	198101	53	20510	2	907	3	53
518	198101	53	20510	2	919	3	59
518	198101	67	20510	1	1	3	41
518	198101	67	20510	1	3	3	43
518	198101	67	20510	1	6	3	46
518	198101	67	20510	1	7	3	46
518	198101	67	20510	1	8	3	47
518	198101	67	20510	1	15	3	50
518	198101	67	20510	1	17	3	52
518	198101	67	20510	2	74	3	47
518	198101	67	20510	2	75	3	47
518	198101	67	20510	2	77	3	48
518	198101	67	20510	2	80	3	50
518	198101	67	20510	2	81	3	50
518	198101	67	20510	2	82	3	51
518	198101	67	20510	2	85	3	52
518	198101	77	20510	1	495	3	44
518	198101	77	20510	1	496	3	44
518	198101	77	20510	1	497	3	45
518	198101	77	20510	1	499	3	46
518	198101	77	20510	1	500	3	47
518	198101	77	20510	1	501	3	47
518	198101	77	20510	1	514	3	54
518	198101	77	20510	2	557	3	46
518	198101	77	20510	2	558	3	47
518	198101	77	20510	2	560	3	48
518	198101	77	20510	2	561	3	48
518	198101	77	20510	2	563	3	49
518	198101	77	20510	2	573	3	54
518	198101	82	20510	1	334	3	43
518	198101	82	20510	1	335	3	45
518	198101	82	20510	1	344	3	49
518	198101	82	20510	2	408	3	47
518	198101	82	20510	2	411	3	49
518	198101	82	20510	2	417	3	52
518	198101	82	20510	2	425	3	56
518	198101	92	20510	1	163	3	43
518	198101	92	20510	1	165	3	44
518	198101	92	20510	1	167	3	45
518	198101	92	20510	1	169	3	47
518	198101	92	20510	1	172	3	49
518	198101	92	20510	1	173	3	49
518	198101	92	20510	2	236	3	45
518	198101	92	20510	2	237	3	45
518	198101	92	20510	2	238	3	46
518	198101	92	20510	2	239	3	46
518	198101	92	20510	2	241	3	47
518	198101	92	20510	2	247	3	50
518	198101	104	20510	1	636	3	41
518	198101	104	20510	1	637	3	42
518	198101	104	20510	1	638	3	43
518	198101	104	20510	1	639	3	45
518	198101	104	20510	1	641	3	46
518	198101	104	20510	1	651	3	51
518	198101	104	20510	2	711	3	44
518	198101	104	20510	2	712	3	44
518	198101	104	20510	2	713	3	45
518	198101	104	20510	2	721	3	49
518	198101	40	20510	1	1008	4	48
518	198101	40	20510	1	1014	4	51
518	198101	40	20510	1	1015	4	52
518	198101	40	20510	1	1016	4	52
518	198101	40	20510	1	1017	4	53
518	198101	40	20510	1	1019	4	54
518	198101	40	20510	1	1020	4	54
518	198101	40	20510	1	1021	4	55
518	198101	40	20510	1	1022	4	55
518	198101	40	20510	1	1025	4	57
518	198101	40	20510	1	1027	4	58
518	198101	40	20510	1	1028	4	58
518	198101	40	20510	1	1029	4	59
518	198101	40	20510	1	1030	4	59
518	198101	40	20510	2	1072	4	50
518	198101	40	20510	2	1074	4	51
518	198101	40	20510	2	1076	4	52
518	198101	40	20510	2	1077	4	53
518	198101	40	20510	2	1079	4	54
518	198101	40	20510	2	1080	4	54
518	198101	40	20510	2	1081	4	55
518	198101	40	20510	2	1082	4	55
518	198101	40	20510	2	1083	4	56
518	198101	40	20510	2	1085	4	57
518	198101	40	20510	2	1087	4	58
518	198101	40	20510	2	1089	4	59
518	198101	40	20510	2	1090	4	59
518	198101	40	20510	2	1093	4	61
518	198101	40	20510	2	1094	4	61
518	198101	40	20510	2	1095	4	62
518	198101	40	20510	2	1099	4	64
518	198101	40	20510	2	1100	4	64
518	198101	53	20510	1	842	4	56
518	198101	53	20510	1	844	4	57
518	198101	53	20510	1	846	4	58
518	198101	53	20510	1	847	4	59
518	198101	53	20510	1	828	4	50
518	198101	53	20510	1	829	4	50
518	198101	53	20510	1	832	4	52
518	198101	53	20510	1	833	4	52
518	198101	53	20510	1	834	4	53
518	198101	53	20510	1	837	4	54
518	198101	53	20510	1	839	4	55
518	198101	53	20510	1	840	4	55
518	198101	53	20510	2	900	4	50
518	198101	53	20510	2	901	4	50
518	198101	53	20510	2	904	4	52
518	198101	53	20510	2	905	4	52
518	198101	53	20510	2	908	4	54
518	198101	53	20510	2	909	4	54
518	198101	53	20510	2	910	4	55
518	198101	53	20510	2	911	4	55
518	198101	53	20510	2	912	4	56
518	198101	53	20510	2	913	4	56
518	198101	53	20510	2	914	4	57
518	198101	53	20510	2	915	4	57
518	198101	53	20510	2	916	4	58
518	198101	53	20510	2	917	4	58
518	198101	53	20510	2	918	4	59
518	198101	53	20510	2	920	4	60
518	198101	67	20510	1	2	4	41
518	198101	67	20510	1	5	4	45
518	198101	67	20510	1	9	4	47
518	198101	67	20510	1	10	4	48
518	198101	67	20510	1	11	4	48
518	198101	67	20510	1	12	4	49
518	198101	67	20510	1	13	4	49
518	198101	67	20510	1	14	4	50
518	198101	67	20510	1	16	4	52
518	198101	67	20510	1	18	4	53
518	198101	67	20510	1	19	4	53
518	198101	67	20510	1	20	4	54
518	198101	67	20510	1	21	4	54
518	198101	67	20510	1	22	4	55
518	198101	67	20510	1	23	4	55
518	198101	67	20510	1	24	4	56
518	198101	67	20510	1	25	4	56
518	198101	67	20510	1	26	4	57
518	198101	67	20510	1	27	4	57
518	198101	67	20510	1	28	4	58
518	198101	67	20510	1	30	4	59
518	198101	67	20510	1	32	4	60
518	198101	67	20510	1	34	4	61
518	198101	67	20510	1	37	4	62
518	198101	67	20510	2	76	4	48
518	198101	67	20510	2	78	4	49
518	198101	67	20510	2	79	4	49
518	198101	67	20510	2	83	4	51
518	198101	67	20510	2	84	4	52
518	198101	67	20510	2	86	4	53
518	198101	67	20510	2	87	4	53
518	198101	67	20510	2	89	4	54
518	198101	67	20510	2	90	4	55
518	198101	67	20510	2	91	4	55
518	198101	67	20510	2	92	4	56
518	198101	67	20510	2	93	4	56
518	198101	67	20510	2	94	4	57
518	198101	67	20510	2	95	4	57
518	198101	67	20510	2	96	4	58
518	198101	67	20510	2	98	4	59
518	198101	67	20510	2	100	4	60
518	198101	67	20510	2	103	4	61
518	198101	67	20510	2	107	4	63
518	198101	77	20510	1	498	4	46
518	198101	77	20510	1	502	4	48
518	198101	77	20510	1	503	4	48
518	198101	77	20510	1	504	4	49
518	198101	77	20510	1	505	4	49
518	198101	77	20510	1	506	4	50
518	198101	77	20510	1	509	4	51
518	198101	77	20510	1	511	4	52
518	198101	77	20510	1	512	4	53
518	198101	77	20510	1	517	4	55
518	198101	77	20510	1	519	4	56
518	198101	77	20510	1	520	4	57
518	198101	77	20510	1	522	4	58
518	198101	77	20510	2	556	4	44
518	198101	77	20510	2	559	4	47
518	198101	77	20510	2	562	4	49
518	198101	77	20510	2	564	4	50
518	198101	77	20510	2	565	4	50
518	198101	77	20510	2	566	4	51
518	198101	77	20510	2	567	4	51
518	198101	77	20510	2	570	4	53
518	198101	77	20510	2	572	4	54
518	198101	77	20510	2	574	4	55
518	198101	77	20510	2	575	4	55
518	198101	77	20510	2	577	4	56
518	198101	77	20510	2	579	4	57
518	198101	77	20510	2	580	4	58
518	198101	77	20510	2	581	4	58
518	198101	77	20510	2	583	4	59
518	198101	82	20510	1	336	4	45
518	198101	82	20510	1	337	4	46
518	198101	82	20510	1	338	4	46
518	198101	82	20510	1	339	4	47
518	198101	82	20510	1	340	4	47
518	198101	82	20510	1	343	4	49
518	198101	82	20510	1	345	4	50
518	198101	82	20510	1	348	4	51
518	198101	82	20510	1	349	4	52
518	198101	82	20510	1	350	4	52
518	198101	82	20510	1	351	4	53
518	198101	82	20510	1	352	4	53
518	198101	82	20510	1	355	4	55
518	198101	82	20510	1	357	4	56
518	198101	82	20510	1	360	4	57
518	198101	82	20510	1	361	4	58
518	198101	82	20510	2	405	4	45
518	198101	82	20510	2	406	4	46
518	198101	82	20510	2	407	4	47
518	198101	82	20510	2	409	4	48
518	198101	82	20510	2	410	4	48
518	198101	82	20510	2	412	4	49
518	198101	82	20510	2	413	4	50
518	198101	82	20510	2	414	4	50
518	198101	82	20510	2	415	4	51
518	198101	82	20510	2	416	4	51
518	198101	82	20510	2	418	4	52
518	198101	82	20510	2	419	4	53
518	198101	82	20510	2	422	4	54
518	198101	82	20510	2	424	4	55
518	198101	82	20510	2	426	4	56
518	198101	82	20510	2	428	4	57
518	198101	82	20510	2	432	4	59
518	198101	82	20510	2	433	4	60
518	198101	82	20510	2	434	4	60
518	198101	82	20510	2	438	4	62
518	198101	92	20510	1	164	4	44
518	198101	92	20510	1	166	4	45
518	198101	92	20510	1	168	4	47
518	198101	92	20510	1	170	4	48
518	198101	92	20510	1	171	4	48
518	198101	92	20510	1	174	4	50
518	198101	92	20510	1	175	4	50
518	198101	92	20510	1	176	4	51
518	198101	92	20510	1	177	4	51
518	198101	92	20510	1	179	4	52
518	198101	92	20510	1	180	4	53
518	198101	92	20510	1	181	4	53
518	198101	92	20510	1	183	4	54
518	198101	92	20510	1	184	4	55
518	198101	92	20510	1	185	4	55
518	198101	92	20510	1	188	4	57
518	198101	92	20510	1	189	4	57
518	198101	92	20510	1	195	4	60
518	198101	92	20510	1	197	4	61
518	198101	92	20510	2	267	4	60
518	198101	92	20510	2	270	4	62
518	198101	92	20510	2	271	4	62
518	198101	92	20510	2	272	4	63
518	198101	92	20510	2	240	4	47
518	198101	92	20510	2	242	4	48
518	198101	92	20510	2	243	4	48
518	198101	92	20510	2	244	4	49
518	198101	92	20510	2	248	4	51
518	198101	92	20510	2	251	4	52
518	198101	92	20510	2	252	4	53
518	198101	92	20510	2	254	4	54
518	198101	92	20510	2	257	4	55
518	198101	92	20510	2	259	4	56
518	198101	92	20510	2	260	4	57
518	198101	92	20510	2	261	4	57
518	198101	92	20510	2	262	4	58
518	198101	92	20510	2	263	4	58
518	198101	92	20510	2	264	4	59
518	198101	92	20510	2	266	4	60
518	198101	104	20510	1	659	4	55
518	198101	104	20510	1	661	4	56
518	198101	104	20510	1	663	4	57
518	198101	104	20510	1	642	4	46
518	198101	104	20510	1	643	4	47
518	198101	104	20510	1	644	4	47
518	198101	104	20510	1	645	4	48
518	198101	104	20510	1	646	4	48
518	198101	104	20510	1	647	4	49
518	198101	104	20510	1	648	4	49
518	198101	104	20510	1	649	4	50
518	198101	104	20510	1	654	4	52
518	198101	104	20510	1	655	4	53
518	198101	104	20510	1	656	4	53
518	198101	104	20510	2	744	4	61
518	198101	104	20510	2	714	4	46
518	198101	104	20510	2	715	4	46
518	198101	104	20510	2	717	4	47
518	198101	104	20510	2	718	4	48
518	198101	104	20510	2	719	4	48
518	198101	104	20510	2	720	4	49
518	198101	104	20510	2	723	4	50
518	198101	104	20510	2	726	4	52
518	198101	104	20510	2	731	4	54
518	198101	104	20510	2	733	4	55
518	198101	104	20510	2	734	4	56
518	198101	104	20510	2	736	4	57
518	198101	40	20510	1	1018	5	53
518	198101	40	20510	1	1024	5	56
518	198101	40	20510	1	1032	5	60
518	198101	40	20510	1	1033	5	61
518	198101	40	20510	1	1036	5	62
518	198101	40	20510	1	1037	5	63
518	198101	40	20510	1	1038	5	63
518	198101	40	20510	2	1088	5	58
518	198101	40	20510	2	1091	5	60
518	198101	40	20510	2	1092	5	60
518	198101	40	20510	2	1101	5	65
518	198101	40	20510	2	1103	5	66
518	198101	40	20510	2	1105	5	67
518	198101	40	20510	2	1107	5	68
518	198101	53	20510	1	843	5	57
518	198101	53	20510	1	848	5	59
518	198101	53	20510	2	929	5	64
518	198101	53	20510	2	922	5	61
518	198101	53	20510	2	924	5	62
518	198101	67	20510	1	4	5	44
518	198101	67	20510	1	29	5	58
518	198101	67	20510	2	88	5	54
518	198101	67	20510	2	97	5	58
518	198101	67	20510	2	99	5	59
518	198101	67	20510	2	101	5	60
518	198101	67	20510	2	102	5	61
518	198101	67	20510	2	104	5	62
518	198101	67	20510	2	106	5	63
518	198101	67	20510	2	109	5	64
518	198101	67	20510	2	111	5	65
518	198101	67	20510	2	113	5	66
518	198101	67	20510	2	116	5	68
518	198101	77	20510	1	507	5	50
518	198101	77	20510	1	508	5	51
518	198101	77	20510	1	510	5	52
518	198101	77	20510	1	513	5	53
518	198101	77	20510	1	516	5	55
518	198101	77	20510	1	518	5	56
518	198101	77	20510	1	521	5	57
518	198101	77	20510	1	525	5	59
518	198101	77	20510	1	526	5	60
518	198101	77	20510	1	528	5	61
518	198101	77	20510	1	529	5	61
518	198101	77	20510	2	569	5	52
518	198101	77	20510	2	571	5	53
518	198101	77	20510	2	578	5	57
518	198101	77	20510	2	582	5	59
518	198101	77	20510	2	584	5	60
518	198101	77	20510	2	587	5	61
518	198101	77	20510	2	589	5	62
518	198101	77	20510	2	591	5	63
518	198101	77	20510	2	592	5	64
518	198101	77	20510	2	597	5	66
518	198101	82	20510	1	342	5	48
518	198101	82	20510	1	346	5	50
518	198101	82	20510	1	353	5	54
518	198101	82	20510	1	354	5	54
518	198101	82	20510	1	358	5	56
518	198101	82	20510	1	359	5	57
518	198101	82	20510	1	362	5	58
518	198101	82	20510	1	364	5	59
518	198101	82	20510	1	369	5	62
518	198101	82	20510	1	371	5	63
518	198101	82	20510	2	420	5	53
518	198101	82	20510	2	421	5	54
518	198101	82	20510	2	423	5	55
518	198101	82	20510	2	427	5	57
518	198101	82	20510	2	429	5	58
518	198101	82	20510	2	430	5	58
518	198101	82	20510	2	431	5	59
518	198101	82	20510	2	436	5	61
518	198101	82	20510	2	443	5	65
518	198101	82	20510	2	451	5	69
518	198101	92	20510	1	178	5	52
518	198101	92	20510	1	186	5	56
518	198101	92	20510	1	187	5	56
518	198101	92	20510	1	190	5	58
518	198101	92	20510	1	191	5	58
518	198101	92	20510	1	199	5	62
518	198101	92	20510	2	268	5	61
518	198101	92	20510	2	273	5	63
518	198101	92	20510	2	274	5	64
518	198101	92	20510	2	281	5	67
518	198101	92	20510	2	291	5	72
518	198101	92	20510	2	245	5	49
518	198101	92	20510	2	246	5	50
518	198101	92	20510	2	249	5	51
518	198101	92	20510	2	250	5	52
518	198101	92	20510	2	253	5	53
518	198101	92	20510	2	255	5	54
518	198101	92	20510	2	256	5	55
518	198101	92	20510	2	258	5	56
518	198101	92	20510	2	265	5	59
518	198101	104	20510	1	660	5	55
518	198101	104	20510	1	662	5	56
518	198101	104	20510	1	664	5	57
518	198101	104	20510	1	665	5	58
518	198101	104	20510	1	666	5	58
518	198101	104	20510	1	640	5	45
518	198101	104	20510	1	650	5	50
518	198101	104	20510	1	652	5	51
518	198101	104	20510	1	653	5	52
518	198101	104	20510	2	741	5	59
518	198101	104	20510	2	746	5	62
518	198101	104	20510	2	750	5	64
518	198101	104	20510	2	751	5	64
518	198101	104	20510	2	716	5	47
518	198101	104	20510	2	722	5	50
518	198101	104	20510	2	724	5	51
518	198101	104	20510	2	725	5	51
518	198101	104	20510	2	728	5	53
518	198101	104	20510	2	729	5	53
518	198101	104	20510	2	730	5	54
518	198101	104	20510	2	732	5	55
518	198101	104	20510	2	735	5	56
518	198101	53	20510	2	927	6	63
518	198101	67	20510	2	105	6	62
518	198101	77	20510	1	515	6	54
518	198101	77	20510	1	523	6	58
518	198101	77	20510	1	527	6	60
518	198101	77	20510	1	531	6	62
518	198101	77	20510	1	547	6	70
518	198101	77	20510	2	568	6	52
518	198101	77	20510	2	576	6	56
518	198101	77	20510	2	585	6	60
518	198101	77	20510	2	586	6	61
518	198101	77	20510	2	588	6	62
518	198101	77	20510	2	593	6	64
518	198101	77	20510	2	599	6	67
518	198101	82	20510	1	341	6	48
518	198101	82	20510	1	347	6	51
518	198101	82	20510	1	377	6	66
518	198101	82	20510	2	437	6	62
518	198101	82	20510	2	439	6	63
518	198101	82	20510	2	442	6	64
518	198101	92	20510	1	192	6	59
518	198101	92	20510	2	275	6	64
518	198101	92	20510	2	278	6	66
518	198101	104	20510	1	657	6	54
518	198101	104	20510	1	658	6	54
518	198101	104	20510	2	745	6	61
518	198101	104	20510	2	761	6	69
518	198101	104	20510	2	727	6	52
518	198101	104	20510	2	737	6	57
518	198101	104	20510	2	739	6	58
518	198101	104	20510	2	762	6	70
518	198101	40	20510	1	1042	7	65
518	198101	53	20510	1	857	7	64
518	198101	53	20510	2	928	7	64
518	198101	53	20510	2	931	7	65
518	198101	67	20510	1	33	7	60
518	198101	67	20510	2	129	7	74
518	198101	67	20510	2	108	7	64
518	198101	67	20510	2	112	7	66
518	198101	67	20510	2	122	7	71
518	198101	67	20510	2	123	7	71
518	198101	67	20510	2	124	7	72
518	198101	77	20510	1	524	7	59
518	198101	77	20510	1	532	7	63
518	198101	77	20510	2	595	7	65
518	198101	77	20510	2	596	7	66
518	198101	77	20510	2	601	7	68
518	198101	77	20510	2	602	7	69
518	198101	77	20510	2	603	7	69
518	198101	77	20510	2	604	7	70
518	198101	77	20510	2	606	7	71
518	198101	77	20510	2	609	7	72
518	198101	77	20510	2	611	7	73
518	198101	82	20510	2	450	7	68
518	198101	92	20510	1	196	7	61
518	198101	92	20510	1	198	7	62
518	198101	92	20510	1	202	7	64
518	198101	92	20510	1	204	7	65
518	198101	92	20510	2	283	7	68
518	198101	92	20510	2	285	7	69
518	198101	92	20510	2	287	7	70
518	198101	92	20510	2	298	7	76
518	198101	92	20510	2	303	7	78
518	198101	104	20510	1	667	7	59
518	198101	104	20510	2	743	7	60
518	198101	104	20510	2	757	7	67
518	198101	104	20510	2	738	7	58
518	198101	40	20510	1	1048	8	68
518	198101	40	20510	1	1050	8	69
518	198101	53	20510	2	930	8	65
518	198101	53	20510	2	941	8	70
518	198101	53	20510	2	963	8	81
518	198101	67	20510	2	125	8	72
518	198101	77	20510	1	530	8	62
518	198101	77	20510	2	619	8	77
518	198101	82	20510	2	466	8	76
518	198101	92	20510	1	208	8	67
518	198101	92	20510	2	269	8	61
518	198101	92	20510	2	279	8	66
518	198101	92	20510	2	280	8	67
518	198101	92	20510	2	293	8	73
518	198101	92	20510	2	309	8	81
518	198101	104	20510	1	668	8	59
518	198101	104	20510	1	675	8	63
518	198101	104	20510	1	683	8	67
518	198101	104	20510	1	691	8	71
518	198101	104	20510	2	742	8	60
518	198101	40	20510	1	1044	9	66
518	198101	40	20510	2	1114	9	71
518	198101	53	20510	1	845	9	58
518	198101	53	20510	1	874	9	72
518	198101	67	20510	1	50	9	69
518	198101	67	20510	2	127	9	73
518	198101	67	20510	2	130	9	75
518	198101	67	20510	2	138	9	79
518	198101	67	20510	2	140	9	80
518	198101	67	20510	2	110	9	65
518	198101	77	20510	2	620	9	78
518	198101	77	20510	2	623	9	79
518	198101	82	20510	1	363	9	59
518	198101	82	20510	1	367	9	61
518	198101	82	20510	1	370	9	62
518	198101	82	20510	1	379	9	67
518	198101	82	20510	1	402	9	79
518	198101	82	20510	2	460	9	73
518	198101	92	20510	1	205	9	65
518	198101	92	20510	1	224	9	75
518	198101	92	20510	1	232	9	79
518	198101	92	20510	2	284	9	69
518	198101	92	20510	2	288	9	71
518	198101	92	20510	2	299	9	76
518	198101	104	20510	1	671	9	61
518	198101	104	20510	2	752	9	65
518	198101	40	20510	1	1041	10	65
518	198101	40	20510	2	1119	10	74
518	198101	40	20510	2	1138	10	83
518	198101	53	20510	1	852	10	61
518	198101	53	20510	2	926	10	63
518	198101	53	20510	2	946	10	73
518	198101	67	20510	1	42	10	65
518	198101	67	20510	1	51	10	69
518	198101	67	20510	2	131	10	75
518	198101	67	20510	2	143	10	81
518	198101	67	20510	2	144	10	82
518	198101	77	20510	1	533	10	63
518	198101	82	20510	1	365	10	60
518	198101	82	20510	1	392	10	73
518	198101	82	20510	1	397	10	76
518	198101	82	20510	2	459	10	73
518	198101	92	20510	1	223	10	74
518	198101	92	20510	2	313	10	83
518	198101	92	20510	2	322	10	88
518	198101	104	20510	1	708	10	80
518	198101	104	20510	2	754	10	66
518	198101	104	20510	2	766	10	72
518	198101	104	20510	2	773	10	75
518	198101	104	20510	2	774	10	76
518	198101	40	20510	1	1039	11	64
518	198101	40	20510	2	1112	11	70
518	198101	40	20510	2	1128	11	78
518	198101	53	20510	1	849	11	60
518	198101	53	20510	1	861	11	66
518	198101	53	20510	1	870	11	70
518	198101	53	20510	2	967	11	83
518	198101	67	20510	1	45	11	66
518	198101	67	20510	1	46	11	67
518	198101	67	20510	1	65	11	77
518	198101	67	20510	2	128	11	74
518	198101	67	20510	2	134	11	77
518	198101	67	20510	2	148	11	84
518	198101	77	20510	2	590	11	63
518	198101	82	20510	1	356	11	55
518	198101	82	20510	1	373	11	64
518	198101	82	20510	1	381	11	68
518	198101	82	20510	2	463	11	75
518	198101	82	20510	2	452	11	69
518	198101	92	20510	1	200	11	63
518	198101	92	20510	2	301	11	77
518	198101	92	20510	2	304	11	79
518	198101	92	20510	2	328	11	91
518	198101	92	20510	2	317	11	85
518	198101	104	20510	1	670	11	60
518	198101	104	20510	1	674	11	62
518	198101	104	20510	1	677	11	64
518	198101	104	20510	1	681	11	66
518	198101	40	20510	1	1045	12	67
518	198101	40	20510	1	1053	12	71
518	198101	40	20510	1	1059	12	74
518	198101	40	20510	2	1104	12	66
518	198101	53	20510	1	860	12	65
518	198101	53	20510	2	940	12	70
518	198101	53	20510	2	950	12	75
518	198101	53	20510	2	952	12	76
518	198101	53	20510	2	955	12	77
518	198101	53	20510	2	959	12	79
518	198101	53	20510	2	961	12	80
518	198101	53	20510	2	971	12	85
518	198101	67	20510	1	52	12	70
518	198101	67	20510	1	56	12	72
518	198101	67	20510	1	60	12	74
518	198101	67	20510	2	135	12	77
518	198101	67	20510	2	145	12	82
518	198101	67	20510	2	121	12	70
518	198101	67	20510	2	149	12	84
518	198101	77	20510	1	542	12	68
518	198101	77	20510	1	543	12	68
518	198101	77	20510	1	545	12	69
518	198101	77	20510	2	629	12	82
518	198101	82	20510	1	368	12	61
518	198101	82	20510	1	380	12	67
518	198101	82	20510	1	387	12	71
518	198101	82	20510	1	393	12	74
518	198101	82	20510	2	464	12	75
518	198101	82	20510	2	494	12	97
518	198101	92	20510	1	203	12	64
518	198101	92	20510	1	230	12	78
518	198101	92	20510	2	307	12	80
518	198101	92	20510	2	310	12	82
518	198101	104	20510	1	669	12	60
518	198101	104	20510	1	678	12	64
518	198101	104	20510	1	688	12	69
518	198101	104	20510	1	692	12	71
518	198101	104	20510	1	693	12	72
518	198101	104	20510	1	696	12	73
518	198101	104	20510	2	747	12	62
518	198101	104	20510	2	740	12	59
518	198101	104	20510	2	780	12	79
518	198101	104	20510	2	786	12	82
518	198101	104	20510	2	794	12	86
518	198101	40	20510	1	1049	13	69
518	198101	40	20510	1	1055	13	72
518	198101	40	20510	1	1057	13	73
518	198101	40	20510	2	1108	13	68
518	198101	40	20510	2	1111	13	70
518	198101	40	20510	2	1118	13	73
518	198101	53	20510	1	887	13	79
518	198101	53	20510	2	932	13	66
518	198101	53	20510	2	923	13	61
518	198101	67	20510	1	44	13	66
518	198101	67	20510	1	47	13	67
518	198101	67	20510	1	48	13	68
518	198101	67	20510	1	49	13	68
518	198101	67	20510	1	53	13	70
518	198101	67	20510	2	136	13	78
518	198101	67	20510	2	139	13	79
518	198101	77	20510	1	555	13	82
518	198101	77	20510	2	625	13	80
518	198101	82	20510	1	384	13	69
518	198101	82	20510	2	481	13	84
518	198101	92	20510	1	193	13	59
518	198101	92	20510	1	210	13	68
518	198101	92	20510	1	217	13	71
518	198101	92	20510	2	315	13	84
518	198101	104	20510	1	676	13	63
518	198101	104	20510	1	684	13	67
518	198101	104	20510	2	768	13	73
518	198101	104	20510	2	775	13	76
518	198101	104	20510	2	776	13	77
518	198101	104	20510	2	779	13	78
518	198101	104	20510	2	807	13	92
518	198101	40	20510	1	1034	14	61
518	198101	40	20510	1	1047	14	68
518	198101	40	20510	1	1054	14	71
518	198101	40	20510	1	1065	14	77
518	198101	40	20510	2	1097	14	63
518	198101	40	20510	2	1115	14	72
518	198101	40	20510	2	1127	14	78
518	198101	40	20510	2	1132	14	80
518	198101	40	20510	2	1133	14	81
518	198101	53	20510	1	853	14	62
518	198101	53	20510	2	937	14	68
518	198101	53	20510	2	949	14	74
518	198101	53	20510	2	962	14	81
518	198101	67	20510	1	31	14	59
518	198101	67	20510	1	40	14	64
518	198101	67	20510	2	141	14	80
518	198101	67	20510	2	147	14	83
518	198101	67	20510	2	114	14	67
518	198101	67	20510	2	153	14	86
518	198101	77	20510	1	554	14	76
518	198101	77	20510	2	618	14	77
518	198101	82	20510	1	372	14	63
518	198101	82	20510	1	385	14	70
518	198101	82	20510	1	388	14	71
518	198101	82	20510	1	395	14	75
518	198101	82	20510	1	399	14	77
518	198101	82	20510	2	462	14	74
518	198101	82	20510	2	435	14	61
518	198101	82	20510	2	441	14	64
518	198101	82	20510	2	458	14	72
518	198101	92	20510	1	194	14	60
518	198101	92	20510	1	227	14	77
518	198101	92	20510	2	290	14	72
518	198101	92	20510	2	306	14	80
518	198101	92	20510	2	324	14	89
518	198101	104	20510	2	755	14	66
518	198101	104	20510	2	772	14	75
518	198101	104	20510	2	796	14	87
518	198101	40	20510	1	1052	15	70
518	198101	40	20510	2	1109	15	69
518	198101	40	20510	2	1126	15	77
518	198101	53	20510	1	856	15	63
518	198101	53	20510	1	868	15	69
518	198101	53	20510	2	942	15	71
518	198101	53	20510	2	945	15	72
518	198101	53	20510	2	960	15	80
518	198101	53	20510	2	966	15	83
518	198101	53	20510	2	981	15	90
518	198101	53	20510	2	983	15	91
518	198101	67	20510	1	41	15	64
518	198101	67	20510	1	61	15	75
518	198101	67	20510	1	66	15	77
518	198101	67	20510	1	70	15	80
518	198101	67	20510	2	146	15	83
518	198101	67	20510	2	118	15	69
518	198101	77	20510	1	539	15	66
518	198101	77	20510	2	608	15	72
518	198101	77	20510	2	630	15	84
518	198101	82	20510	2	461	15	74
518	198101	82	20510	2	465	15	76
518	198101	82	20510	2	444	15	65
518	198101	92	20510	1	182	15	54
518	198101	92	20510	1	214	15	70
518	198101	92	20510	2	292	15	73
518	198101	92	20510	2	297	15	75
518	198101	104	20510	1	680	15	65
518	198101	104	20510	2	748	15	63
518	198101	104	20510	2	784	15	81
518	198101	104	20510	2	790	15	84
518	198101	40	20510	1	1035	16	62
518	198101	40	20510	2	1106	16	67
518	198101	40	20510	2	1120	16	74
518	198101	40	20510	2	1123	16	76
518	198101	40	20510	2	1142	16	85
518	198101	53	20510	1	866	16	68
518	198101	53	20510	1	867	16	69
518	198101	53	20510	2	934	16	67
518	198101	53	20510	2	972	16	86
518	198101	53	20510	2	974	16	87
518	198101	53	20510	2	976	16	88
518	198101	67	20510	1	62	16	75
518	198101	67	20510	1	63	16	76
518	198101	67	20510	2	120	16	70
518	198101	77	20510	1	544	16	69
518	198101	82	20510	1	378	16	66
518	198101	82	20510	1	389	16	72
518	198101	82	20510	1	391	16	73
518	198101	82	20510	2	491	16	89
518	198101	92	20510	1	213	16	69
518	198101	92	20510	1	220	16	73
518	198101	92	20510	2	308	16	81
518	198101	92	20510	2	331	16	93
518	198101	104	20510	1	690	16	70
518	198101	104	20510	2	763	16	70
518	198101	104	20510	2	789	16	83
518	198101	104	20510	2	795	16	86
518	198101	104	20510	2	797	16	87
518	198101	40	20510	1	1040	17	64
518	198101	40	20510	1	1046	17	67
518	198101	40	20510	2	1098	17	63
518	198101	40	20510	2	1129	17	79
518	198101	40	20510	2	1137	17	83
518	198101	40	20510	2	1139	17	84
518	198101	40	20510	2	1145	17	87
518	198101	53	20510	1	850	17	60
518	198101	53	20510	1	863	17	67
518	198101	53	20510	1	871	17	71
518	198101	53	20510	1	889	17	80
518	198101	53	20510	2	935	17	67
518	198101	53	20510	2	948	17	74
518	198101	53	20510	2	977	17	88
518	198101	53	20510	2	978	17	89
518	198101	67	20510	1	35	17	61
518	198101	67	20510	1	39	17	63
518	198101	67	20510	1	55	17	71
518	198101	67	20510	1	69	17	79
518	198101	67	20510	2	132	17	76
518	198101	67	20510	2	154	17	87
518	198101	67	20510	2	156	17	88
518	198101	77	20510	2	614	17	75
518	198101	77	20510	2	615	17	75
518	198101	82	20510	1	366	17	60
518	198101	82	20510	1	375	17	65
518	198101	82	20510	1	404	17	82
518	198101	82	20510	2	475	17	81
518	198101	82	20510	2	480	17	83
518	198101	82	20510	2	456	17	71
518	198101	92	20510	1	216	17	71
518	198101	92	20510	1	218	17	72
518	198101	92	20510	1	226	17	76
518	198101	92	20510	2	294	17	74
518	198101	92	20510	2	302	17	78
518	198101	104	20510	1	673	17	62
518	198101	104	20510	2	756	17	67
518	198101	104	20510	2	759	17	68
518	198101	104	20510	2	791	17	84
518	198101	104	20510	2	805	17	91
518	198101	40	20510	1	1031	18	60
518	198101	40	20510	1	1043	18	66
518	198101	40	20510	2	1102	18	65
518	198101	40	20510	2	1121	18	75
518	198101	40	20510	2	1122	18	75
518	198101	40	20510	2	1131	18	80
518	198101	40	20510	2	1134	18	81
518	198101	40	20510	2	1135	18	82
518	198101	40	20510	2	1143	18	86
518	198101	53	20510	1	851	18	61
518	198101	53	20510	1	859	18	65
518	198101	53	20510	1	865	18	68
518	198101	53	20510	1	873	18	72
518	198101	53	20510	2	939	18	69
518	198101	53	20510	2	925	18	62
518	198101	53	20510	2	954	18	77
518	198101	53	20510	2	956	18	78
518	198101	53	20510	2	965	18	82
518	198101	53	20510	2	986	18	93
518	198101	67	20510	2	133	18	76
518	198101	67	20510	2	150	18	85
518	198101	77	20510	1	548	18	72
518	198101	77	20510	2	613	18	74
518	198101	77	20510	2	617	18	76
518	198101	77	20510	2	635	18	87
518	198101	82	20510	1	376	18	65
518	198101	82	20510	2	469	18	78
518	198101	82	20510	2	449	18	68
518	198101	82	20510	2	455	18	71
518	198101	92	20510	2	286	18	70
518	198101	92	20510	2	289	18	71
518	198101	92	20510	2	320	18	87
518	198101	92	20510	2	325	18	89
518	198101	92	20510	2	327	18	90
518	198101	104	20510	1	672	18	61
518	198101	104	20510	1	679	18	65
518	198101	104	20510	2	753	18	65
518	198101	104	20510	2	787	18	82
518	198101	104	20510	2	798	18	88
518	198101	40	20510	2	1117	19	73
518	198101	53	20510	1	858	19	64
518	198101	53	20510	2	968	19	84
518	198101	67	20510	1	36	19	62
518	198101	67	20510	1	38	19	63
518	198101	67	20510	1	68	19	78
518	198101	77	20510	1	534	19	64
518	198101	82	20510	1	400	19	78
518	198101	82	20510	2	478	19	82
518	198101	82	20510	2	489	19	88
518	198101	82	20510	2	445	19	66
518	198101	92	20510	1	221	19	73
518	198101	92	20510	1	222	19	74
518	198101	92	20510	2	282	19	68
518	198101	104	20510	2	767	19	72
518	198101	104	20510	2	778	19	78
518	198101	104	20510	2	788	19	83
518	198101	104	20510	2	792	19	85
518	198101	104	20510	2	803	19	90
518	198101	104	20510	2	813	19	96
518	198101	40	20510	1	1056	20	72
518	198101	40	20510	1	1060	20	74
518	198101	40	20510	2	1110	20	69
518	198101	40	20510	2	1113	20	71
518	198101	53	20510	1	872	20	71
518	198101	53	20510	2	947	20	73
518	198101	53	20510	2	953	20	76
518	198101	53	20510	2	958	20	79
518	198101	53	20510	2	979	20	89
518	198101	53	20510	2	984	20	92
518	198101	67	20510	1	58	20	73
518	198101	67	20510	2	119	20	69
518	198101	67	20510	2	160	20	94
518	198101	77	20510	1	536	20	65
518	198101	77	20510	1	537	20	65
518	198101	77	20510	1	546	20	70
518	198101	82	20510	1	403	20	80
518	198101	82	20510	2	473	20	80
518	198101	82	20510	2	477	20	82
518	198101	92	20510	1	211	20	68
518	198101	92	20510	1	228	20	77
518	198101	92	20510	1	229	20	78
518	198101	92	20510	1	231	20	79
518	198101	92	20510	2	300	20	77
518	198101	92	20510	2	305	20	79
518	198101	92	20510	2	329	20	92
518	198101	104	20510	1	682	20	66
518	198101	104	20510	1	686	20	68
518	198101	104	20510	1	695	20	73
518	198101	104	20510	1	701	20	76
518	198101	40	20510	1	1062	21	75
518	198101	40	20510	1	1063	21	76
518	198101	40	20510	2	1130	21	79
518	198101	53	20510	1	883	21	77
518	198101	53	20510	2	933	21	66
518	198101	53	20510	2	957	21	78
518	198101	53	20510	2	970	21	85
518	198101	77	20510	1	535	21	64
518	198101	77	20510	2	622	21	79
518	198101	77	20510	2	634	21	86
518	198101	82	20510	2	467	21	77
518	198101	82	20510	2	472	21	79
518	198101	82	20510	2	485	21	86
518	198101	92	20510	1	219	21	72
518	198101	92	20510	2	323	21	88
518	198101	104	20510	1	685	21	68
518	198101	104	20510	1	700	21	75
518	198101	104	20510	1	710	21	83
518	198101	40	20510	1	1051	22	70
518	198101	40	20510	1	1064	22	77
518	198101	40	20510	2	1136	22	82
518	198101	53	20510	2	1000	22	104
518	198101	67	20510	1	71	22	81
518	198101	77	20510	2	612	22	74
518	198101	77	20510	2	628	22	82
518	198101	82	20510	1	396	22	75
518	198101	82	20510	1	398	22	76
518	198101	82	20510	2	482	22	84
518	198101	82	20510	2	446	22	66
518	198101	92	20510	1	201	22	63
518	198101	92	20510	2	276	22	65
518	198101	92	20510	2	332	22	95
518	198101	104	20510	1	699	22	75
518	198101	104	20510	1	702	22	76
518	198101	104	20510	1	707	22	80
518	198101	104	20510	2	758	22	68
518	198101	104	20510	2	785	22	81
518	198101	40	20510	1	1058	23	73
518	198101	67	20510	1	57	23	72
518	198101	67	20510	2	142	23	81
518	198101	67	20510	2	155	23	87
518	198101	67	20510	2	157	23	88
518	198101	67	20510	2	158	23	90
518	198101	77	20510	2	621	23	78
518	198101	82	20510	2	468	23	77
518	198101	82	20510	2	474	23	80
518	198101	82	20510	2	453	23	70
518	198101	92	20510	1	209	23	67
518	198101	92	20510	2	277	23	65
518	198101	92	20510	2	314	23	84
518	198101	92	20510	2	326	23	90
518	198101	92	20510	2	330	23	92
518	198101	104	20510	1	694	23	72
518	198101	104	20510	2	749	23	63
518	198101	104	20510	2	765	23	71
518	198101	40	20510	2	1140	24	84
518	198101	40	20510	2	1141	24	85
518	198101	53	20510	1	854	24	62
518	198101	53	20510	1	855	24	63
518	198101	53	20510	1	879	24	75
518	198101	53	20510	1	884	24	77
518	198101	53	20510	2	973	24	86
518	198101	53	20510	2	980	24	90
518	198101	53	20510	2	993	24	96
518	198101	67	20510	1	54	24	71
518	198101	67	20510	1	67	24	78
518	198101	67	20510	2	151	24	85
518	198101	82	20510	1	382	24	68
518	198101	82	20510	1	386	24	70
518	198101	82	20510	2	457	24	72
518	198101	92	20510	2	295	24	74
518	198101	92	20510	2	319	24	86
518	198101	104	20510	2	771	24	74
518	198101	104	20510	2	808	24	93
518	198101	40	20510	2	1144	25	86
518	198101	53	20510	2	982	25	91
518	198101	77	20510	1	538	25	66
518	198101	77	20510	1	540	25	67
518	198101	77	20510	2	594	25	65
518	198101	77	20510	2	627	25	81
518	198101	77	20510	2	631	25	84
518	198101	82	20510	1	394	25	74
518	198101	82	20510	2	484	25	85
518	198101	82	20510	2	440	25	63
518	198101	104	20510	1	706	25	79
518	198101	104	20510	2	760	25	69
518	198101	104	20510	2	770	25	74
518	198101	104	20510	2	782	25	80
518	198101	104	20510	2	783	25	80
518	198101	104	20510	2	793	25	85
518	198101	104	20510	2	812	25	96
518	198101	104	20510	2	814	25	97
518	198101	40	20510	2	1124	26	76
518	198101	53	20510	1	877	26	74
518	198101	53	20510	1	886	26	78
518	198101	53	20510	2	997	26	100
518	198101	67	20510	1	59	26	73
518	198101	77	20510	1	551	26	73
518	198101	82	20510	2	488	26	87
518	198101	104	20510	2	769	26	73
518	198101	104	20510	2	777	26	77
518	198101	104	20510	2	806	26	92
518	198101	104	20510	2	810	26	94
518	198101	40	20510	2	1125	27	77
518	198101	53	20510	1	888	27	79
518	198101	53	20510	2	943	27	71
518	198101	67	20510	2	152	27	86
518	198101	77	20510	2	607	27	71
518	198101	77	20510	2	610	27	73
518	198101	77	20510	2	633	27	85
518	198101	82	20510	2	447	27	67
518	198101	92	20510	1	233	27	83
518	198101	92	20510	2	312	27	83
518	198101	92	20510	2	318	27	86
518	198101	104	20510	2	811	27	95
518	198101	53	20510	1	878	28	74
518	198101	67	20510	1	43	28	65
518	198101	67	20510	2	117	28	68
518	198101	77	20510	1	541	28	67
518	198101	77	20510	2	624	28	80
518	198101	82	20510	1	401	28	78
518	198101	104	20510	1	703	28	77
518	198101	104	20510	2	764	28	71
518	198101	104	20510	2	801	28	89
518	198101	104	20510	2	815	28	98
518	198101	40	20510	2	1148	29	88
518	198101	40	20510	2	1149	29	90
518	198101	53	20510	1	885	29	78
518	198101	53	20510	2	938	29	69
518	198101	53	20510	2	998	29	101
518	198101	92	20510	2	296	29	75
518	198101	104	20510	2	804	29	91
518	198101	40	20510	1	1061	30	75
518	198101	40	20510	2	1147	30	88
518	198101	53	20510	2	985	30	92
518	198101	77	20510	1	553	30	75
518	198101	77	20510	2	626	30	81
518	198101	104	20510	1	689	30	70
518	198101	104	20510	1	698	30	74
518	198101	104	20510	2	818	30	99
518	198101	40	20510	2	1116	31	72
518	198101	53	20510	2	964	31	82
518	198101	77	20510	2	600	31	68
518	198101	82	20510	1	374	31	64
518	198101	92	20510	1	206	31	66
518	198101	92	20510	2	316	31	85
518	198101	92	20510	2	321	31	87
518	198101	104	20510	2	781	31	79
518	198101	53	20510	1	862	32	66
518	198101	53	20510	1	864	32	67
518	198101	53	20510	1	869	32	70
518	198101	53	20510	1	891	32	82
518	198101	53	20510	2	975	32	87
518	198101	67	20510	1	64	32	76
518	198101	67	20510	2	137	32	78
518	198101	67	20510	2	115	32	67
518	198101	77	20510	2	598	32	67
518	198101	82	20510	2	448	32	67
518	198101	92	20510	1	207	32	66
518	198101	92	20510	1	212	32	69
518	198101	92	20510	1	215	32	70
518	198101	104	20510	1	697	32	74
518	198101	104	20510	1	704	32	78
518	198101	40	20510	2	1146	33	87
518	198101	82	20510	2	487	33	87
518	198101	104	20510	1	687	33	69
518	198101	104	20510	2	819	33	109
518	198101	53	20510	1	882	34	76
518	198101	53	20510	2	921	34	60
518	198101	77	20510	2	632	34	85
518	198101	82	20510	2	486	34	86
518	198101	104	20510	1	705	34	79
518	198101	104	20510	2	816	34	98
518	198101	40	20510	2	1150	35	90
518	198101	53	20510	2	994	35	97
518	198101	77	20510	2	605	35	70
518	198101	92	20510	1	225	35	75
518	198101	92	20510	2	311	35	82
518	198101	104	20510	2	817	35	99
518	198101	104	20510	2	800	35	89
518	198101	104	20510	2	809	35	94
518	198101	53	20510	1	881	36	76
518	198101	53	20510	2	944	36	72
518	198101	53	20510	2	988	36	94
518	198101	53	20510	2	996	36	100
518	198101	67	20510	2	159	36	90
518	198101	82	20510	1	383	36	69
518	198101	53	20510	2	936	38	68
518	198101	53	20510	2	987	38	93
518	198101	77	20510	1	550	38	73
518	198101	82	20510	2	454	38	70
518	198101	92	20510	2	333	38	96
518	198101	104	20510	2	799	38	88
518	198101	67	20510	2	126	39	73
518	198101	77	20510	1	549	39	72
518	198101	77	20510	1	552	39	74
518	198101	82	20510	1	390	39	72
518	198101	82	20510	2	470	39	78
518	198101	53	20510	2	989	41	94
518	198101	53	20510	2	995	41	98
518	198101	82	20510	2	471	41	79
518	198101	67	20510	2	161	42	98
518	198101	53	20510	2	969	43	84
518	198101	53	20510	2	992	43	96
518	198101	53	20510	2	999	43	103
518	198101	82	20510	2	483	43	85
518	198101	53	20510	1	876	44	73
518	198101	53	20510	1	875	45	73
518	198101	82	20510	2	476	45	81
518	198101	82	20510	2	479	45	83
518	198101	104	20510	1	709	45	82
518	198101	53	20510	1	880	46	75
518	198101	53	20510	2	991	47	95
518	198101	53	20510	1	890	48	80
518	198101	104	20510	2	802	48	90
518	198101	77	20510	2	616	49	76
518	198101	53	20510	2	951	52	75
518	198101	82	20510	2	490	52	88
							
							
							
