vessel	cruise	station	species 	sex	length	number	Age
516	198501	32	20510	2	48	235	2
516	198501	22	20510	1	44	129	2
516	198501	22	20510	2	40	160	2
516	198501	22	20510	2	43	161	2
516	198501	22	20510	2	44	162	2
516	198501	22	20510	2	45	163	2
516	198501	22	20510	2	46	164	2
516	198501	77	20510	2	46	694	2
516	198501	77	20510	2	48	697	2
516	198501	77	20510	2	48	698	2
516	198501	77	20510	2	49	700	2
516	198501	77	20510	1	44	621	2
516	198501	77	20510	1	44	622	2
516	198501	77	20510	1	47	627	2
516	198501	77	20510	1	47	628	2
516	198501	92	20510	2	46	1015	2
516	198501	104	20510	1	42	1119	2
516	198501	104	20510	1	43	1122	2
516	198501	104	20510	1	51	1138	2
516	198501	104	20510	2	41	1200	2
516	198501	104	20510	2	43	1201	2
516	198501	104	20510	2	44	1203	2
516	198501	104	20510	2	45	1206	2
516	198501	104	20510	2	47	1209	2
516	198501	104	20510	2	47	1210	2
516	198501	67	20510	1	43	452	2
516	198501	67	20510	1	44	454	2
516	198501	67	20510	1	44	455	2
516	198501	67	20510	1	45	457	2
516	198501	67	20510	1	46	459	2
516	198501	67	20510	2	43	525	2
516	198501	67	20510	2	44	526	2
516	198501	67	20510	2	46	530	2
516	198501	92	20510	1	41	935	2
516	198501	92	20510	1	42	936	2
516	198501	92	20510	1	44	939	2
516	198501	32	20510	1	45	201	3
516	198501	32	20510	2	46	234	3
516	198501	32	20510	2	56	243	3
516	198501	22	20510	1	45	130	3
516	198501	22	20510	1	46	131	3
516	198501	22	20510	1	48	133	3
516	198501	22	20510	1	51	136	3
516	198501	22	20510	2	47	165	3
516	198501	22	20510	2	48	166	3
516	198501	12	20510	1	47	59	3
516	198501	12	20510	2	48	94	3
516	198501	12	20510	2	51	97	3
516	198501	12	20510	2	53	99	3
516	198501	77	20510	2	44	689	3
516	198501	77	20510	2	45	691	3
516	198501	77	20510	2	45	692	3
516	198501	77	20510	2	47	696	3
516	198501	77	20510	2	50	701	3
516	198501	77	20510	2	50	702	3
516	198501	77	20510	2	51	704	3
516	198501	2	20510	1	43	1	3
516	198501	2	20510	1	49	3	3
516	198501	2	20510	1	51	5	3
516	198501	2	20510	2	48	27	3
516	198501	2	20510	2	50	28	3
516	198501	77	20510	1	45	623	3
516	198501	77	20510	1	45	624	3
516	198501	77	20510	1	46	625	3
516	198501	77	20510	1	46	626	3
516	198501	77	20510	1	49	631	3
516	198501	83	20510	1	44	776	3
516	198501	83	20510	1	44	777	3
516	198501	57	20510	2	44	399	3
516	198501	57	20510	2	46	400	3
516	198501	57	20510	2	47	401	3
516	198501	83	20510	1	53	794	3
516	198501	83	20510	2	45	844	3
516	198501	83	20510	2	50	854	3
516	198501	57	20510	1	45	365	3
516	198501	57	20510	1	46	366	3
516	198501	57	20510	1	47	367	3
516	198501	57	20510	1	48	368	3
516	198501	57	20510	1	49	369	3
516	198501	57	20510	1	51	371	3
516	198501	49	20510	1	48	277	3
516	198501	49	20510	1	50	279	3
516	198501	49	20510	1	51	280	3
516	198501	92	20510	2	47	1018	3
516	198501	92	20510	2	48	1019	3
516	198501	92	20510	2	50	1024	3
516	198501	92	20510	2	51	1025	3
516	198501	92	20510	2	51	1026	3
516	198501	104	20510	1	41	1118	3
516	198501	104	20510	1	42	1120	3
516	198501	104	20510	1	43	1121	3
516	198501	104	20510	1	44	1124	3
516	198501	104	20510	1	44	1123	3
516	198501	104	20510	1	45	1126	3
516	198501	104	20510	1	45	1125	3
516	198501	104	20510	1	46	1127	3
516	198501	104	20510	1	46	1128	3
516	198501	104	20510	1	47	1129	3
516	198501	104	20510	1	47	1130	3
516	198501	104	20510	1	50	1136	3
516	198501	104	20510	1	51	1137	3
516	198501	104	20510	2	43	1202	3
516	198501	104	20510	2	45	1205	3
516	198501	104	20510	2	46	1207	3
516	198501	104	20510	2	46	1208	3
516	198501	104	20510	2	49	1213	3
516	198501	67	20510	1	40	449	3
516	198501	67	20510	1	40	450	3
516	198501	67	20510	1	42	451	3
516	198501	67	20510	1	43	453	3
516	198501	67	20510	1	45	456	3
516	198501	67	20510	1	47	460	3
516	198501	67	20510	2	42	524	3
516	198501	67	20510	2	45	527	3
516	198501	67	20510	2	45	528	3
516	198501	67	20510	2	47	531	3
516	198501	67	20510	2	48	533	3
516	198501	67	20510	2	51	539	3
516	198501	67	20510	2	53	543	3
516	198501	49	20510	2	49	311	3
516	198501	49	20510	2	50	312	3
516	198501	49	20510	2	52	314	3
516	198501	92	20510	1	43	937	3
516	198501	92	20510	1	43	938	3
516	198501	92	20510	1	44	940	3
516	198501	92	20510	1	45	941	3
516	198501	92	20510	1	45	942	3
516	198501	92	20510	1	46	943	3
516	198501	92	20510	1	47	946	3
516	198501	32	20510	1	47	202	4
516	198501	32	20510	1	49	204	4
516	198501	32	20510	1	50	205	4
516	198501	32	20510	1	51	206	4
516	198501	32	20510	1	52	207	4
516	198501	32	20510	1	54	209	4
516	198501	32	20510	1	60	215	4
516	198501	32	20510	2	52	239	4
516	198501	32	20510	2	55	242	4
516	198501	32	20510	2	57	244	4
516	198501	32	20510	2	58	245	4
516	198501	22	20510	1	47	132	4
516	198501	22	20510	1	49	134	4
516	198501	22	20510	1	52	137	4
516	198501	22	20510	1	53	138	4
516	198501	22	20510	2	49	167	4
516	198501	22	20510	2	50	168	4
516	198501	22	20510	2	51	169	4
516	198501	22	20510	2	54	172	4
516	198501	12	20510	2	55	101	4
516	198501	12	20510	2	57	103	4
516	198501	12	20510	2	58	104	4
516	198501	12	20510	2	61	107	4
516	198501	12	20510	1	48	60	4
516	198501	12	20510	1	49	61	4
516	198501	12	20510	1	52	64	4
516	198501	12	20510	1	53	65	4
516	198501	12	20510	1	54	66	4
516	198501	12	20510	1	59	71	4
516	198501	12	20510	2	50	96	4
516	198501	12	20510	2	54	100	4
516	198501	77	20510	1	52	638	4
516	198501	77	20510	1	54	641	4
516	198501	77	20510	1	54	642	4
516	198501	77	20510	1	55	643	4
516	198501	77	20510	1	55	644	4
516	198501	77	20510	1	56	645	4
516	198501	77	20510	1	56	646	4
516	198501	77	20510	1	57	647	4
516	198501	77	20510	1	57	648	4
516	198501	77	20510	1	58	649	4
516	198501	77	20510	2	44	690	4
516	198501	77	20510	2	46	693	4
516	198501	77	20510	2	47	695	4
516	198501	77	20510	2	49	699	4
516	198501	77	20510	2	51	703	4
516	198501	77	20510	2	53	707	4
516	198501	77	20510	2	53	708	4
516	198501	77	20510	2	54	710	4
516	198501	77	20510	2	55	712	4
516	198501	77	20510	2	58	718	4
516	198501	77	20510	2	59	720	4
516	198501	77	20510	2	60	722	4
516	198501	77	20510	2	63	728	4
516	198501	2	20510	1	47	2	4
516	198501	2	20510	1	50	4	4
516	198501	2	20510	1	52	6	4
516	198501	2	20510	1	53	7	4
516	198501	2	20510	1	54	8	4
516	198501	2	20510	1	55	9	4
516	198501	2	20510	1	56	10	4
516	198501	2	20510	2	51	29	4
516	198501	2	20510	2	52	30	4
516	198501	2	20510	2	53	31	4
516	198501	2	20510	2	54	32	4
516	198501	2	20510	2	57	35	4
516	198501	2	20510	2	58	36	4
516	198501	2	20510	2	59	37	4
516	198501	2	20510	2	60	38	4
516	198501	77	20510	1	48	629	4
516	198501	77	20510	1	48	630	4
516	198501	77	20510	1	50	633	4
516	198501	77	20510	1	50	634	4
516	198501	77	20510	1	52	637	4
516	198501	83	20510	1	45	778	4
516	198501	83	20510	1	45	779	4
516	198501	83	20510	1	46	780	4
516	198501	83	20510	1	46	781	4
516	198501	83	20510	1	47	782	4
516	198501	83	20510	1	47	783	4
516	198501	57	20510	2	48	402	4
516	198501	57	20510	2	50	404	4
516	198501	57	20510	2	51	405	4
516	198501	57	20510	2	52	406	4
516	198501	83	20510	1	48	785	4
516	198501	83	20510	1	51	791	4
516	198501	83	20510	1	52	793	4
516	198501	83	20510	1	55	798	4
516	198501	83	20510	2	45	845	4
516	198501	83	20510	2	47	847	4
516	198501	83	20510	2	47	848	4
516	198501	83	20510	2	49	852	4
516	198501	83	20510	2	51	856	4
516	198501	83	20510	2	53	859	4
516	198501	83	20510	2	55	864	4
516	198501	57	20510	1	50	370	4
516	198501	57	20510	1	52	372	4
516	198501	57	20510	1	53	373	4
516	198501	57	20510	1	54	374	4
516	198501	57	20510	1	56	376	4
516	198501	57	20510	1	57	377	4
516	198501	57	20510	1	60	380	4
516	198501	67	20510	1	52	470	4
516	198501	67	20510	1	53	472	4
516	198501	49	20510	1	49	278	4
516	198501	49	20510	1	52	281	4
516	198501	49	20510	1	56	285	4
516	198501	49	20510	1	57	286	4
516	198501	49	20510	1	58	287	4
516	198501	92	20510	1	49	950	4
516	198501	92	20510	1	51	953	4
516	198501	92	20510	1	52	956	4
516	198501	92	20510	1	54	959	4
516	198501	92	20510	1	55	962	4
516	198501	92	20510	2	43	1011	4
516	198501	92	20510	2	44	1012	4
516	198501	92	20510	2	45	1013	4
516	198501	92	20510	2	45	1014	4
516	198501	92	20510	2	46	1016	4
516	198501	92	20510	2	47	1017	4
516	198501	92	20510	2	48	1020	4
516	198501	92	20510	2	49	1021	4
516	198501	92	20510	2	49	1022	4
516	198501	92	20510	2	50	1023	4
516	198501	92	20510	2	52	1027	4
516	198501	92	20510	2	52	1028	4
516	198501	92	20510	2	53	1029	4
516	198501	92	20510	2	54	1032	4
516	198501	92	20510	2	55	1033	4
516	198501	92	20510	2	60	1043	4
516	198501	104	20510	1	48	1132	4
516	198501	104	20510	1	48	1131	4
516	198501	104	20510	1	49	1133	4
516	198501	104	20510	1	50	1135	4
516	198501	104	20510	1	52	1140	4
516	198501	104	20510	1	53	1141	4
516	198501	104	20510	1	53	1142	4
516	198501	104	20510	1	54	1143	4
516	198501	104	20510	1	55	1145	4
516	198501	104	20510	1	57	1149	4
516	198501	104	20510	2	44	1204	4
516	198501	104	20510	2	48	1211	4
516	198501	104	20510	2	48	1212	4
516	198501	104	20510	2	50	1216	4
516	198501	104	20510	2	51	1218	4
516	198501	104	20510	2	54	1223	4
516	198501	104	20510	2	55	1225	4
516	198501	104	20510	2	55	1226	4
516	198501	104	20510	2	56	1228	4
516	198501	104	20510	2	56	1227	4
516	198501	104	20510	2	57	1230	4
516	198501	67	20510	1	53	473	4
516	198501	67	20510	1	54	474	4
516	198501	67	20510	1	54	475	4
516	198501	67	20510	1	55	476	4
516	198501	67	20510	1	55	477	4
516	198501	67	20510	1	57	480	4
516	198501	67	20510	1	58	482	4
516	198501	67	20510	1	59	484	4
516	198501	67	20510	1	46	458	4
516	198501	67	20510	1	48	462	4
516	198501	67	20510	1	50	466	4
516	198501	67	20510	1	51	468	4
516	198501	67	20510	1	51	469	4
516	198501	67	20510	2	46	529	4
516	198501	67	20510	2	47	532	4
516	198501	67	20510	2	48	534	4
516	198501	67	20510	2	49	535	4
516	198501	67	20510	2	49	536	4
516	198501	67	20510	2	50	537	4
516	198501	67	20510	2	50	538	4
516	198501	67	20510	2	53	544	4
516	198501	67	20510	2	54	545	4
516	198501	67	20510	2	55	547	4
516	198501	67	20510	2	55	548	4
516	198501	67	20510	2	56	549	4
516	198501	67	20510	2	56	550	4
516	198501	67	20510	2	57	552	4
516	198501	67	20510	2	58	554	4
516	198501	67	20510	2	59	555	4
516	198501	67	20510	2	61	559	4
516	198501	67	20510	2	61	560	4
516	198501	67	20510	2	65	567	4
516	198501	49	20510	2	51	313	4
516	198501	49	20510	2	56	318	4
516	198501	92	20510	1	46	944	4
516	198501	92	20510	1	47	945	4
516	198501	92	20510	1	48	947	4
516	198501	92	20510	1	48	948	4
516	198501	92	20510	1	49	949	4
516	198501	32	20510	1	48	203	5
516	198501	32	20510	2	50	237	5
516	198501	32	20510	2	53	240	5
516	198501	32	20510	2	59	246	5
516	198501	32	20510	2	63	250	5
516	198501	22	20510	1	56	141	5
516	198501	22	20510	2	57	175	5
516	198501	22	20510	2	58	176	5
516	198501	22	20510	2	59	177	5
516	198501	22	20510	2	65	183	5
516	198501	12	20510	2	56	102	5
516	198501	12	20510	2	59	105	5
516	198501	12	20510	2	60	106	5
516	198501	12	20510	2	66	112	5
516	198501	12	20510	1	50	62	5
516	198501	12	20510	1	55	67	5
516	198501	12	20510	1	56	68	5
516	198501	12	20510	1	57	69	5
516	198501	12	20510	1	58	70	5
516	198501	12	20510	1	60	72	5
516	198501	12	20510	1	71	83	5
516	198501	12	20510	2	47	93	5
516	198501	77	20510	1	53	639	5
516	198501	77	20510	1	53	640	5
516	198501	77	20510	1	59	651	5
516	198501	77	20510	1	59	652	5
516	198501	77	20510	2	55	711	5
516	198501	77	20510	2	57	715	5
516	198501	77	20510	2	60	721	5
516	198501	77	20510	2	69	740	5
516	198501	2	20510	1	58	12	5
516	198501	2	20510	1	59	13	5
516	198501	2	20510	1	60	14	5
516	198501	2	20510	1	61	15	5
516	198501	2	20510	1	62	16	5
516	198501	2	20510	2	55	33	5
516	198501	2	20510	2	56	34	5
516	198501	2	20510	2	61	39	5
516	198501	2	20510	2	63	41	5
516	198501	2	20510	2	65	43	5
516	198501	77	20510	1	49	632	5
516	198501	77	20510	1	51	636	5
516	198501	83	20510	1	48	784	5
516	198501	57	20510	1	63	383	5
516	198501	57	20510	2	54	408	5
516	198501	57	20510	2	57	411	5
516	198501	57	20510	2	59	413	5
516	198501	57	20510	2	61	415	5
516	198501	57	20510	2	64	418	5
516	198501	83	20510	1	49	786	5
516	198501	83	20510	1	52	792	5
516	198501	83	20510	1	54	796	5
516	198501	83	20510	1	54	797	5
516	198501	83	20510	1	56	800	5
516	198501	83	20510	1	56	801	5
516	198501	83	20510	1	57	802	5
516	198501	83	20510	1	64	817	5
516	198501	83	20510	2	48	850	5
516	198501	83	20510	2	49	851	5
516	198501	83	20510	2	54	862	5
516	198501	83	20510	2	56	865	5
516	198501	83	20510	2	58	870	5
516	198501	83	20510	2	63	880	5
516	198501	83	20510	2	65	883	5
516	198501	83	20510	2	66	886	5
516	198501	57	20510	1	55	375	5
516	198501	57	20510	1	61	381	5
516	198501	57	20510	1	62	382	5
516	198501	67	20510	1	52	471	5
516	198501	49	20510	1	55	284	5
516	198501	92	20510	1	50	951	5
516	198501	92	20510	1	50	952	5
516	198501	92	20510	1	51	954	5
516	198501	92	20510	1	52	955	5
516	198501	92	20510	1	53	957	5
516	198501	92	20510	1	53	958	5
516	198501	92	20510	1	54	960	5
516	198501	92	20510	1	55	961	5
516	198501	92	20510	1	57	965	5
516	198501	92	20510	1	57	966	5
516	198501	92	20510	1	59	969	5
516	198501	92	20510	2	53	1030	5
516	198501	92	20510	2	55	1034	5
516	198501	92	20510	2	56	1035	5
516	198501	92	20510	2	56	1036	5
516	198501	92	20510	2	57	1038	5
516	198501	92	20510	2	58	1039	5
516	198501	92	20510	2	58	1040	5
516	198501	92	20510	2	59	1041	5
516	198501	92	20510	2	59	1042	5
516	198501	92	20510	2	63	1049	5
516	198501	92	20510	2	63	1050	5
516	198501	104	20510	1	49	1134	5
516	198501	104	20510	1	54	1144	5
516	198501	104	20510	1	56	1148	5
516	198501	104	20510	1	58	1151	5
516	198501	104	20510	1	59	1153	5
516	198501	104	20510	1	60	1155	5
516	198501	104	20510	2	50	1215	5
516	198501	104	20510	2	51	1217	5
516	198501	104	20510	2	52	1219	5
516	198501	104	20510	2	52	1220	5
516	198501	104	20510	2	53	1222	5
516	198501	104	20510	2	54	1224	5
516	198501	104	20510	2	58	1232	5
516	198501	104	20510	2	59	1233	5
516	198501	104	20510	2	60	1236	5
516	198501	104	20510	2	66	1247	5
516	198501	67	20510	1	56	478	5
516	198501	67	20510	1	57	481	5
516	198501	67	20510	1	60	486	5
516	198501	67	20510	1	61	489	5
516	198501	67	20510	1	62	490	5
516	198501	67	20510	1	47	461	5
516	198501	67	20510	1	48	463	5
516	198501	67	20510	1	49	464	5
516	198501	67	20510	1	49	465	5
516	198501	67	20510	1	68	503	5
516	198501	67	20510	1	70	506	5
516	198501	67	20510	2	51	540	5
516	198501	67	20510	2	52	541	5
516	198501	67	20510	2	54	546	5
516	198501	67	20510	2	57	551	5
516	198501	67	20510	2	58	553	5
516	198501	67	20510	2	60	557	5
516	198501	67	20510	2	60	558	5
516	198501	67	20510	2	62	561	5
516	198501	67	20510	2	62	562	5
516	198501	67	20510	2	63	564	5
516	198501	67	20510	2	65	568	5
516	198501	67	20510	2	66	570	5
516	198501	49	20510	2	53	315	5
516	198501	49	20510	2	59	321	5
516	198501	49	20510	2	64	326	5
516	198501	49	20510	2	67	329	5
516	198501	92	20510	2	67	1057	5
516	198501	32	20510	1	55	210	6
516	198501	32	20510	1	57	212	6
516	198501	32	20510	1	59	214	6
516	198501	32	20510	1	63	218	6
516	198501	32	20510	2	67	254	6
516	198501	22	20510	1	50	135	6
516	198501	22	20510	1	55	140	6
516	198501	22	20510	1	57	142	6
516	198501	22	20510	1	60	145	6
516	198501	22	20510	1	65	150	6
516	198501	22	20510	1	66	151	6
516	198501	22	20510	2	52	170	6
516	198501	22	20510	2	53	171	6
516	198501	22	20510	2	64	182	6
516	198501	22	20510	2	68	186	6
516	198501	12	20510	2	67	113	6
516	198501	12	20510	1	51	63	6
516	198501	12	20510	1	61	73	6
516	198501	12	20510	1	62	74	6
516	198501	2	20510	2	68	46	6
516	198501	2	20510	2	74	52	6
516	198501	77	20510	1	58	650	6
516	198501	77	20510	1	62	658	6
516	198501	77	20510	1	68	669	6
516	198501	77	20510	2	52	706	6
516	198501	77	20510	2	54	709	6
516	198501	77	20510	2	56	713	6
516	198501	77	20510	2	57	716	6
516	198501	77	20510	2	63	727	6
516	198501	77	20510	2	65	732	6
516	198501	77	20510	2	66	734	6
516	198501	77	20510	2	70	741	6
516	198501	2	20510	2	64	42	6
516	198501	77	20510	1	51	635	6
516	198501	57	20510	1	67	387	6
516	198501	57	20510	2	53	407	6
516	198501	57	20510	2	56	410	6
516	198501	83	20510	1	49	787	6
516	198501	83	20510	1	51	790	6
516	198501	83	20510	1	58	804	6
516	198501	83	20510	1	58	805	6
516	198501	83	20510	1	60	808	6
516	198501	83	20510	1	61	811	6
516	198501	83	20510	1	66	821	6
516	198501	83	20510	2	48	849	6
516	198501	83	20510	2	52	857	6
516	198501	83	20510	2	52	858	6
516	198501	83	20510	2	55	863	6
516	198501	83	20510	2	57	868	6
516	198501	83	20510	2	60	873	6
516	198501	83	20510	2	60	874	6
516	198501	83	20510	2	61	876	6
516	198501	83	20510	2	62	878	6
516	198501	49	20510	1	53	282	6
516	198501	49	20510	1	59	288	6
516	198501	49	20510	1	60	289	6
516	198501	49	20510	1	61	290	6
516	198501	92	20510	1	56	963	6
516	198501	92	20510	1	60	971	6
516	198501	92	20510	2	54	1031	6
516	198501	92	20510	2	60	1044	6
516	198501	92	20510	2	61	1045	6
516	198501	92	20510	2	61	1046	6
516	198501	92	20510	2	64	1051	6
516	198501	104	20510	1	55	1146	6
516	198501	104	20510	1	56	1147	6
516	198501	104	20510	1	57	1150	6
516	198501	104	20510	1	60	1156	6
516	198501	104	20510	2	62	1240	6
516	198501	104	20510	2	65	1245	6
516	198501	104	20510	2	65	1246	6
516	198501	104	20510	2	67	1250	6
516	198501	67	20510	1	58	483	6
516	198501	67	20510	1	50	467	6
516	198501	67	20510	1	62	491	6
516	198501	67	20510	1	63	492	6
516	198501	67	20510	1	64	495	6
516	198501	67	20510	1	67	501	6
516	198501	67	20510	1	69	504	6
516	198501	67	20510	1	69	505	6
516	198501	67	20510	2	52	542	6
516	198501	67	20510	2	59	556	6
516	198501	67	20510	2	64	565	6
516	198501	49	20510	2	57	319	6
516	198501	49	20510	2	63	325	6
516	198501	49	20510	2	68	330	6
516	198501	92	20510	2	66	1056	6
516	198501	92	20510	2	69	1062	6
516	198501	32	20510	1	67	222	7
516	198501	32	20510	2	49	236	7
516	198501	32	20510	2	68	255	7
516	198501	32	20510	2	77	264	7
516	198501	32	20510	2	79	266	7
516	198501	22	20510	1	58	143	7
516	198501	22	20510	2	60	178	7
516	198501	22	20510	2	61	179	7
516	198501	22	20510	2	73	191	7
516	198501	22	20510	2	77	195	7
516	198501	22	20510	2	78	196	7
516	198501	12	20510	2	62	108	7
516	198501	12	20510	2	72	118	7
516	198501	2	20510	2	69	47	7
516	198501	77	20510	1	60	654	7
516	198501	77	20510	1	62	657	7
516	198501	77	20510	1	64	662	7
516	198501	77	20510	1	66	665	7
516	198501	77	20510	1	66	666	7
516	198501	77	20510	1	74	681	7
516	198501	77	20510	1	77	686	7
516	198501	77	20510	2	52	705	7
516	198501	77	20510	2	58	717	7
516	198501	77	20510	2	59	719	7
516	198501	77	20510	2	67	735	7
516	198501	77	20510	2	70	742	7
516	198501	2	20510	1	63	17	7
516	198501	77	20510	2	73	747	7
516	198501	77	20510	2	75	751	7
516	198501	77	20510	2	78	757	7
516	198501	77	20510	2	82	765	7
516	198501	77	20510	2	83	767	7
516	198501	57	20510	2	58	412	7
516	198501	57	20510	2	76	430	7
516	198501	83	20510	1	50	789	7
516	198501	83	20510	1	55	799	7
516	198501	83	20510	1	59	806	7
516	198501	83	20510	1	69	827	7
516	198501	83	20510	1	70	828	7
516	198501	83	20510	2	53	860	7
516	198501	83	20510	2	62	877	7
516	198501	83	20510	2	63	879	7
516	198501	83	20510	2	69	892	7
516	198501	83	20510	2	72	897	7
516	198501	83	20510	2	74	902	7
516	198501	83	20510	2	75	903	7
516	198501	83	20510	2	79	911	7
516	198501	104	20510	1	62	1160	7
516	198501	104	20510	1	67	1169	7
516	198501	104	20510	1	68	1172	7
516	198501	104	20510	1	68	1171	7
516	198501	49	20510	1	62	291	7
516	198501	92	20510	1	56	964	7
516	198501	92	20510	1	61	974	7
516	198501	92	20510	1	65	982	7
516	198501	92	20510	2	65	1053	7
516	198501	104	20510	1	70	1176	7
516	198501	104	20510	2	53	1221	7
516	198501	104	20510	2	64	1244	7
516	198501	104	20510	2	67	1249	7
516	198501	67	20510	1	65	496	7
516	198501	67	20510	1	70	507	7
516	198501	67	20510	2	63	563	7
516	198501	67	20510	2	66	569	7
516	198501	67	20510	2	75	587	7
516	198501	67	20510	2	77	591	7
516	198501	67	20510	2	77	592	7
516	198501	67	20510	2	79	595	7
516	198501	67	20510	2	80	598	7
516	198501	49	20510	2	54	316	7
516	198501	49	20510	2	61	323	7
516	198501	49	20510	2	66	328	7
516	198501	49	20510	2	78	340	7
516	198501	92	20510	2	68	1060	7
516	198501	92	20510	2	72	1067	7
516	198501	32	20510	1	56	211	8
516	198501	32	20510	1	58	213	8
516	198501	32	20510	1	61	216	8
516	198501	32	20510	1	62	217	8
516	198501	32	20510	1	64	219	8
516	198501	32	20510	1	65	220	8
516	198501	32	20510	1	66	221	8
516	198501	32	20510	1	70	225	8
516	198501	32	20510	1	74	229	8
516	198501	32	20510	1	75	230	8
516	198501	32	20510	2	51	238	8
516	198501	32	20510	2	54	241	8
516	198501	32	20510	2	60	247	8
516	198501	32	20510	2	61	248	8
516	198501	32	20510	2	62	249	8
516	198501	32	20510	2	64	251	8
516	198501	32	20510	2	65	252	8
516	198501	32	20510	2	66	253	8
516	198501	32	20510	2	69	256	8
516	198501	32	20510	2	70	257	8
516	198501	32	20510	2	71	258	8
516	198501	32	20510	2	72	259	8
516	198501	32	20510	2	73	260	8
516	198501	32	20510	2	74	261	8
516	198501	32	20510	2	75	262	8
516	198501	22	20510	1	54	139	8
516	198501	22	20510	1	61	146	8
516	198501	22	20510	1	62	147	8
516	198501	22	20510	1	63	148	8
516	198501	22	20510	1	64	149	8
516	198501	22	20510	1	68	153	8
516	198501	22	20510	1	70	155	8
516	198501	22	20510	1	71	156	8
516	198501	22	20510	2	55	173	8
516	198501	22	20510	2	56	174	8
516	198501	22	20510	2	62	180	8
516	198501	22	20510	2	63	181	8
516	198501	22	20510	2	67	185	8
516	198501	22	20510	2	69	187	8
516	198501	22	20510	2	70	188	8
516	198501	22	20510	2	71	189	8
516	198501	22	20510	2	72	190	8
516	198501	22	20510	2	74	192	8
516	198501	22	20510	2	75	193	8
516	198501	22	20510	2	76	194	8
516	198501	22	20510	2	79	197	8
516	198501	22	20510	2	80	198	8
516	198501	22	20510	2	81	199	8
516	198501	12	20510	2	63	109	8
516	198501	12	20510	2	64	110	8
516	198501	12	20510	2	65	111	8
516	198501	12	20510	2	68	114	8
516	198501	12	20510	2	69	115	8
516	198501	12	20510	2	70	116	8
516	198501	12	20510	2	71	117	8
516	198501	12	20510	2	75	121	8
516	198501	12	20510	1	63	75	8
516	198501	12	20510	1	64	76	8
516	198501	12	20510	1	65	77	8
516	198501	12	20510	1	66	78	8
516	198501	12	20510	1	67	79	8
516	198501	12	20510	1	68	80	8
516	198501	12	20510	1	69	81	8
516	198501	12	20510	1	70	82	8
516	198501	12	20510	1	73	85	8
516	198501	12	20510	2	78	124	8
516	198501	12	20510	2	79	125	8
516	198501	12	20510	2	80	126	8
516	198501	2	20510	2	72	50	8
516	198501	2	20510	2	73	51	8
516	198501	2	20510	2	75	53	8
516	198501	2	20510	2	76	54	8
516	198501	77	20510	1	60	653	8
516	198501	77	20510	1	61	655	8
516	198501	77	20510	1	61	656	8
516	198501	77	20510	1	63	659	8
516	198501	77	20510	1	63	660	8
516	198501	77	20510	1	64	661	8
516	198501	77	20510	1	65	663	8
516	198501	77	20510	1	65	664	8
516	198501	77	20510	1	67	667	8
516	198501	77	20510	1	67	668	8
516	198501	77	20510	1	69	672	8
516	198501	77	20510	1	71	675	8
516	198501	77	20510	1	71	676	8
516	198501	77	20510	1	72	678	8
516	198501	77	20510	1	73	679	8
516	198501	77	20510	1	75	684	8
516	198501	77	20510	1	76	685	8
516	198501	77	20510	2	56	714	8
516	198501	77	20510	2	61	723	8
516	198501	77	20510	2	61	724	8
516	198501	77	20510	2	62	725	8
516	198501	77	20510	2	62	726	8
516	198501	77	20510	2	64	729	8
516	198501	77	20510	2	65	731	8
516	198501	77	20510	2	66	733	8
516	198501	77	20510	2	67	736	8
516	198501	77	20510	2	69	739	8
516	198501	2	20510	1	64	18	8
516	198501	2	20510	1	65	19	8
516	198501	2	20510	1	66	20	8
516	198501	2	20510	1	67	21	8
516	198501	2	20510	1	69	23	8
516	198501	2	20510	2	62	40	8
516	198501	2	20510	2	66	44	8
516	198501	2	20510	2	67	45	8
516	198501	77	20510	2	71	743	8
516	198501	77	20510	2	71	744	8
516	198501	77	20510	2	72	746	8
516	198501	77	20510	2	73	748	8
516	198501	77	20510	2	74	749	8
516	198501	77	20510	2	74	750	8
516	198501	77	20510	2	75	752	8
516	198501	77	20510	2	76	753	8
516	198501	77	20510	2	76	754	8
516	198501	77	20510	2	77	755	8
516	198501	77	20510	2	77	756	8
516	198501	77	20510	2	78	758	8
516	198501	77	20510	2	79	759	8
516	198501	77	20510	2	80	761	8
516	198501	77	20510	2	80	762	8
516	198501	77	20510	2	81	763	8
516	198501	77	20510	2	81	764	8
516	198501	77	20510	2	84	769	8
516	198501	77	20510	2	84	770	8
516	198501	77	20510	2	86	773	8
516	198501	57	20510	1	64	384	8
516	198501	57	20510	1	65	385	8
516	198501	57	20510	1	66	386	8
516	198501	57	20510	1	69	389	8
516	198501	57	20510	1	71	391	8
516	198501	57	20510	1	72	392	8
516	198501	57	20510	1	74	394	8
516	198501	57	20510	1	76	396	8
516	198501	57	20510	2	49	403	8
516	198501	57	20510	2	55	409	8
516	198501	57	20510	2	60	414	8
516	198501	57	20510	2	62	416	8
516	198501	57	20510	2	63	417	8
516	198501	57	20510	2	66	420	8
516	198501	57	20510	2	67	421	8
516	198501	57	20510	2	68	422	8
516	198501	57	20510	2	69	423	8
516	198501	57	20510	2	70	424	8
516	198501	57	20510	2	71	425	8
516	198501	57	20510	2	72	426	8
516	198501	57	20510	2	73	427	8
516	198501	57	20510	2	74	428	8
516	198501	57	20510	2	75	429	8
516	198501	57	20510	2	77	431	8
516	198501	57	20510	2	78	432	8
516	198501	57	20510	2	79	433	8
516	198501	57	20510	2	80	434	8
516	198501	57	20510	2	81	435	8
516	198501	83	20510	1	50	788	8
516	198501	83	20510	1	53	795	8
516	198501	83	20510	1	57	803	8
516	198501	83	20510	1	59	807	8
516	198501	83	20510	1	60	809	8
516	198501	83	20510	1	61	810	8
516	198501	83	20510	1	62	812	8
516	198501	83	20510	1	62	813	8
516	198501	83	20510	1	63	814	8
516	198501	83	20510	1	63	815	8
516	198501	83	20510	1	64	816	8
516	198501	83	20510	1	65	818	8
516	198501	83	20510	1	66	820	8
516	198501	83	20510	1	67	822	8
516	198501	83	20510	1	67	823	8
516	198501	83	20510	1	68	824	8
516	198501	83	20510	1	68	825	8
516	198501	83	20510	1	69	826	8
516	198501	83	20510	1	70	829	8
516	198501	83	20510	1	71	831	8
516	198501	83	20510	1	73	834	8
516	198501	83	20510	2	50	853	8
516	198501	83	20510	2	51	855	8
516	198501	83	20510	2	54	861	8
516	198501	83	20510	2	56	866	8
516	198501	83	20510	2	57	867	8
516	198501	83	20510	2	58	869	8
516	198501	83	20510	2	59	871	8
516	198501	83	20510	2	59	872	8
516	198501	83	20510	2	61	875	8
516	198501	83	20510	2	64	881	8
516	198501	83	20510	2	64	882	8
516	198501	83	20510	2	65	884	8
516	198501	83	20510	2	66	885	8
516	198501	83	20510	2	67	887	8
516	198501	83	20510	2	67	888	8
516	198501	83	20510	2	68	889	8
516	198501	83	20510	2	68	890	8
516	198501	83	20510	2	69	891	8
516	198501	83	20510	2	70	893	8
516	198501	83	20510	2	70	894	8
516	198501	83	20510	2	71	895	8
516	198501	83	20510	2	71	896	8
516	198501	83	20510	2	72	898	8
516	198501	83	20510	2	73	899	8
516	198501	83	20510	2	74	901	8
516	198501	83	20510	2	75	904	8
516	198501	83	20510	2	76	905	8
516	198501	83	20510	2	76	906	8
516	198501	83	20510	2	77	907	8
516	198501	83	20510	2	77	908	8
516	198501	83	20510	2	78	909	8
516	198501	83	20510	2	79	912	8
516	198501	83	20510	2	80	913	8
516	198501	83	20510	2	82	918	8
516	198501	83	20510	2	83	919	8
516	198501	83	20510	2	84	921	8
516	198501	83	20510	2	85	923	8
516	198501	83	20510	2	85	924	8
516	198501	57	20510	1	58	378	8
516	198501	57	20510	1	59	379	8
516	198501	104	20510	1	61	1158	8
516	198501	104	20510	1	61	1157	8
516	198501	104	20510	1	62	1159	8
516	198501	104	20510	1	63	1162	8
516	198501	104	20510	1	64	1163	8
516	198501	104	20510	1	65	1166	8
516	198501	104	20510	1	66	1167	8
516	198501	104	20510	1	67	1170	8
516	198501	104	20510	1	69	1173	8
516	198501	49	20510	1	54	283	8
516	198501	49	20510	1	66	295	8
516	198501	92	20510	1	58	968	8
516	198501	92	20510	1	59	970	8
516	198501	92	20510	1	60	972	8
516	198501	92	20510	1	61	973	8
516	198501	92	20510	1	62	976	8
516	198501	92	20510	1	64	979	8
516	198501	92	20510	1	64	980	8
516	198501	92	20510	1	67	985	8
516	198501	92	20510	1	69	990	8
516	198501	92	20510	1	71	993	8
516	198501	92	20510	1	72	996	8
516	198501	92	20510	2	57	1037	8
516	198501	92	20510	2	62	1047	8
516	198501	92	20510	2	62	1048	8
516	198501	92	20510	2	64	1052	8
516	198501	92	20510	2	65	1054	8
516	198501	104	20510	1	69	1174	8
516	198501	104	20510	1	70	1175	8
516	198501	104	20510	1	71	1177	8
516	198501	104	20510	1	58	1152	8
516	198501	104	20510	1	59	1154	8
516	198501	104	20510	1	71	1178	8
516	198501	104	20510	1	73	1182	8
516	198501	104	20510	1	74	1184	8
516	198501	104	20510	1	76	1188	8
516	198501	104	20510	1	77	1190	8
516	198501	104	20510	2	49	1214	8
516	198501	104	20510	2	57	1229	8
516	198501	104	20510	2	59	1234	8
516	198501	104	20510	2	61	1237	8
516	198501	104	20510	2	61	1238	8
516	198501	104	20510	2	62	1239	8
516	198501	104	20510	2	63	1241	8
516	198501	104	20510	2	63	1242	8
516	198501	104	20510	2	64	1243	8
516	198501	104	20510	2	66	1248	8
516	198501	104	20510	2	68	1251	8
516	198501	104	20510	2	69	1253	8
516	198501	104	20510	2	69	1254	8
516	198501	104	20510	2	70	1255	8
516	198501	104	20510	2	70	1256	8
516	198501	104	20510	2	71	1257	8
516	198501	104	20510	2	72	1259	8
516	198501	104	20510	2	72	1260	8
516	198501	104	20510	2	75	1265	8
516	198501	104	20510	2	77	1269	8
516	198501	104	20510	2	77	1270	8
516	198501	104	20510	2	78	1271	8
516	198501	104	20510	2	78	1272	8
516	198501	104	20510	2	81	1277	8
516	198501	104	20510	2	81	1278	8
516	198501	104	20510	2	84	1284	8
516	198501	67	20510	1	56	479	8
516	198501	67	20510	1	59	485	8
516	198501	67	20510	1	60	487	8
516	198501	67	20510	1	61	488	8
516	198501	67	20510	1	64	494	8
516	198501	67	20510	1	65	497	8
516	198501	67	20510	1	66	498	8
516	198501	67	20510	1	66	499	8
516	198501	67	20510	1	67	500	8
516	198501	67	20510	1	71	508	8
516	198501	67	20510	1	73	512	8
516	198501	67	20510	1	74	514	8
516	198501	67	20510	1	77	521	8
516	198501	67	20510	2	64	566	8
516	198501	67	20510	2	67	571	8
516	198501	67	20510	2	67	572	8
516	198501	67	20510	2	68	574	8
516	198501	67	20510	2	69	575	8
516	198501	67	20510	2	69	576	8
516	198501	67	20510	2	70	577	8
516	198501	67	20510	2	70	578	8
516	198501	67	20510	2	71	579	8
516	198501	67	20510	2	71	580	8
516	198501	67	20510	2	72	581	8
516	198501	67	20510	2	72	582	8
516	198501	67	20510	2	73	583	8
516	198501	67	20510	2	73	584	8
516	198501	67	20510	2	74	585	8
516	198501	67	20510	2	74	586	8
516	198501	67	20510	2	75	588	8
516	198501	67	20510	2	76	590	8
516	198501	67	20510	2	78	593	8
516	198501	67	20510	2	78	594	8
516	198501	67	20510	2	80	597	8
516	198501	67	20510	2	82	601	8
516	198501	67	20510	2	82	602	8
516	198501	67	20510	2	83	603	8
516	198501	67	20510	2	84	605	8
516	198501	67	20510	2	85	607	8
516	198501	67	20510	2	86	609	8
516	198501	67	20510	2	87	612	8
516	198501	67	20510	2	88	613	8
516	198501	49	20510	1	70	299	8
516	198501	49	20510	1	72	301	8
516	198501	49	20510	2	55	317	8
516	198501	49	20510	2	58	320	8
516	198501	49	20510	2	60	322	8
516	198501	49	20510	2	65	327	8
516	198501	49	20510	2	70	332	8
516	198501	49	20510	2	71	333	8
516	198501	49	20510	2	72	334	8
516	198501	49	20510	2	73	335	8
516	198501	49	20510	2	74	336	8
516	198501	49	20510	2	76	338	8
516	198501	49	20510	2	79	341	8
516	198501	92	20510	2	66	1055	8
516	198501	92	20510	2	67	1058	8
516	198501	92	20510	2	69	1061	8
516	198501	92	20510	2	70	1063	8
516	198501	92	20510	2	70	1064	8
516	198501	92	20510	2	71	1065	8
516	198501	92	20510	2	71	1066	8
516	198501	92	20510	2	72	1068	8
516	198501	92	20510	2	73	1069	8
516	198501	92	20510	2	74	1071	8
516	198501	92	20510	2	75	1073	8
516	198501	92	20510	2	76	1076	8
516	198501	92	20510	2	77	1077	8
516	198501	92	20510	2	78	1080	8
516	198501	92	20510	2	79	1081	8
516	198501	92	20510	2	79	1082	8
516	198501	92	20510	2	80	1084	8
516	198501	92	20510	2	81	1086	8
516	198501	32	20510	2	81	268	9
516	198501	22	20510	1	59	144	9
516	198501	22	20510	2	66	184	9
516	198501	12	20510	2	77	123	9
516	198501	77	20510	1	68	670	9
516	198501	77	20510	2	68	738	9
516	198501	83	20510	2	81	916	9
516	198501	83	20510	2	83	920	9
516	198501	104	20510	1	63	1161	9
516	198501	92	20510	1	58	967	9
516	198501	104	20510	2	76	1268	9
516	198501	104	20510	2	79	1274	9
516	198501	104	20510	2	83	1281	9
516	198501	67	20510	1	68	502	9
516	198501	67	20510	1	78	522	9
516	198501	67	20510	2	76	589	9
516	198501	67	20510	2	81	599	9
516	198501	67	20510	2	84	606	9
516	198501	92	20510	2	68	1059	9
516	198501	92	20510	2	75	1074	9
516	198501	92	20510	2	76	1075	9
516	198501	92	20510	2	83	1090	9
516	198501	92	20510	2	84	1092	9
516	198501	32	20510	2	76	263	10
516	198501	12	20510	2	76	122	10
516	198501	2	20510	2	71	49	10
516	198501	2	20510	2	77	55	10
516	198501	77	20510	2	72	745	10
516	198501	83	20510	1	72	832	10
516	198501	83	20510	2	82	917	10
516	198501	83	20510	2	86	925	10
516	198501	83	20510	2	88	929	10
516	198501	104	20510	1	64	1164	10
516	198501	104	20510	1	66	1168	10
516	198501	92	20510	1	71	994	10
516	198501	104	20510	1	52	1139	10
516	198501	104	20510	2	75	1266	10
516	198501	67	20510	2	68	573	10
516	198501	67	20510	2	79	596	10
516	198501	67	20510	2	83	604	10
516	198501	67	20510	2	90	617	10
516	198501	92	20510	2	73	1070	10
516	198501	92	20510	2	74	1072	10
516	198501	92	20510	2	81	1085	10
516	198501	92	20510	2	86	1095	10
516	198501	32	20510	1	72	227	11
516	198501	22	20510	1	67	152	11
516	198501	22	20510	1	72	157	11
516	198501	12	20510	2	73	119	11
516	198501	77	20510	2	79	760	11
516	198501	57	20510	2	65	419	11
516	198501	83	20510	2	73	900	11
516	198501	92	20510	1	66	984	11
516	198501	92	20510	1	76	1003	11
516	198501	92	20510	1	76	1004	11
516	198501	67	20510	1	77	520	11
516	198501	49	20510	1	75	304	11
516	198501	32	20510	1	69	224	12
516	198501	77	20510	1	70	673	12
516	198501	77	20510	1	70	674	12
516	198501	77	20510	1	72	677	12
516	198501	77	20510	2	64	730	12
516	198501	92	20510	1	67	986	12
516	198501	92	20510	1	68	987	12
516	198501	92	20510	1	72	995	12
516	198501	92	20510	1	74	999	12
516	198501	104	20510	1	76	1187	12
516	198501	104	20510	2	71	1258	12
516	198501	104	20510	2	74	1263	12
516	198501	104	20510	2	84	1283	12
516	198501	67	20510	1	72	511	12
516	198501	67	20510	1	74	515	12
516	198501	49	20510	1	77	306	12
516	198501	92	20510	2	87	1098	12
516	198501	32	20510	1	71	226	13
516	198501	77	20510	1	69	671	13
516	198501	57	20510	1	75	395	13
516	198501	83	20510	1	71	830	13
516	198501	83	20510	1	73	835	13
516	198501	83	20510	1	77	842	13
516	198501	83	20510	2	81	915	13
516	198501	104	20510	2	91	1297	13
516	198501	92	20510	1	77	1006	13
516	198501	104	20510	2	73	1262	13
516	198501	104	20510	2	73	1261	13
516	198501	104	20510	2	76	1267	13
516	198501	104	20510	2	82	1280	13
516	198501	67	20510	1	71	509	13
516	198501	67	20510	2	81	600	13
516	198501	49	20510	2	84	346	13
516	198501	92	20510	2	82	1087	13
516	198501	92	20510	2	91	1106	13
516	198501	83	20510	2	80	914	14
516	198501	83	20510	2	84	922	14
516	198501	104	20510	2	94	1304	14
516	198501	92	20510	1	63	977	14
516	198501	92	20510	1	77	1005	14
516	198501	92	20510	1	78	1008	14
516	198501	104	20510	2	86	1288	14
516	198501	49	20510	2	93	354	14
516	198501	2	20510	1	73	25	15
516	198501	83	20510	1	76	840	15
516	198501	83	20510	2	91	932	15
516	198501	49	20510	1	64	293	15
516	198501	92	20510	1	70	991	15
516	198501	104	20510	2	80	1276	15
516	198501	104	20510	2	88	1291	15
516	198501	67	20510	1	75	516	15
516	198501	49	20510	2	75	337	15
516	198501	49	20510	2	91	352	15
516	198501	92	20510	2	82	1088	15
516	198501	92	20510	2	91	1105	15
516	198501	92	20510	2	94	1112	15
516	198501	92	20510	2	97	1116	15
516	198501	2	20510	1	70	24	16
516	198501	57	20510	2	83	437	16
516	198501	83	20510	2	78	910	16
516	198501	104	20510	1	65	1165	16
516	198501	104	20510	2	91	1298	16
516	198501	92	20510	1	73	998	16
516	198501	92	20510	1	74	1000	16
516	198501	104	20510	2	87	1290	16
516	198501	49	20510	2	77	339	16
516	198501	92	20510	2	88	1099	16
516	198501	92	20510	2	88	1100	16
516	198501	92	20510	2	94	1111	16
516	198501	77	20510	1	75	683	17
516	198501	83	20510	1	78	843	17
516	198501	92	20510	1	68	988	17
516	198501	104	20510	1	75	1186	17
516	198501	104	20510	2	79	1273	17
516	198501	67	20510	1	76	518	17
516	198501	49	20510	2	80	342	17
516	198501	49	20510	2	89	350	17
516	198501	92	20510	2	77	1078	17
516	198501	92	20510	2	96	1114	17
516	198501	32	20510	1	78	233	18
516	198501	77	20510	2	85	771	18
516	198501	83	20510	1	74	836	18
516	198501	83	20510	1	76	841	18
516	198501	49	20510	1	65	294	18
516	198501	92	20510	1	78	1007	18
516	198501	104	20510	1	78	1192	18
516	198501	104	20510	2	88	1292	18
516	198501	67	20510	1	63	493	18
516	198501	67	20510	1	72	510	18
516	198501	49	20510	1	71	300	18
516	198501	92	20510	2	83	1089	18
516	198501	92	20510	2	86	1096	18
516	198501	77	20510	1	74	682	19
516	198501	83	20510	1	75	838	19
516	198501	104	20510	2	96	1307	19
516	198501	104	20510	2	99	1310	19
516	198501	92	20510	1	73	997	19
516	198501	92	20510	1	79	1010	19
516	198501	104	20510	2	68	1252	19
516	198501	104	20510	2	86	1287	19
516	198501	49	20510	1	81	309	19
516	198501	49	20510	2	90	351	19
516	198501	92	20510	2	96	1115	19
516	198501	12	20510	1	79	90	20
516	198501	57	20510	2	85	439	20
516	198501	83	20510	1	75	839	20
516	198501	92	20510	1	69	989	20
516	198501	92	20510	1	75	1001	20
516	198501	92	20510	2	89	1102	20
516	198501	32	20510	1	68	223	21
516	198501	32	20510	1	77	232	21
516	198501	32	20510	2	84	269	21
516	198501	2	20510	1	68	22	21
516	198501	83	20510	1	65	819	21
516	198501	83	20510	1	72	833	21
516	198501	83	20510	2	87	928	21
516	198501	104	20510	2	92	1300	21
516	198501	49	20510	1	63	292	21
516	198501	104	20510	1	72	1180	21
516	198501	104	20510	1	79	1193	21
516	198501	104	20510	1	80	1195	21
516	198501	104	20510	2	58	1231	21
516	198501	104	20510	2	87	1289	21
516	198501	104	20510	2	89	1293	21
516	198501	67	20510	2	85	608	21
516	198501	32	20510	2	78	265	22
516	198501	77	20510	1	73	680	22
516	198501	57	20510	2	100	448	22
516	198501	104	20510	2	93	1301	22
516	198501	104	20510	2	93	1302	22
516	198501	104	20510	1	81	1197	22
516	198501	67	20510	1	78	523	22
516	198501	49	20510	1	73	302	22
516	198501	49	20510	2	69	331	22
516	198501	49	20510	2	88	349	22
516	198501	77	20510	1	77	687	23
516	198501	83	20510	2	87	927	23
516	198501	83	20510	2	89	931	23
516	198501	57	20510	2	99	447	23
516	198501	104	20510	2	99	1311	23
516	198501	104	20510	1	81	1196	23
516	198501	104	20510	2	74	1264	23
516	198501	92	20510	2	87	1097	23
516	198501	92	20510	2	89	1101	23
516	198501	92	20510	2	93	1109	23
516	198501	22	20510	1	73	158	24
516	198501	77	20510	2	85	772	24
516	198501	57	20510	2	82	436	24
516	198501	67	20510	2	95	620	24
516	198501	92	20510	1	70	992	24
516	198501	92	20510	1	75	1002	24
516	198501	92	20510	1	79	1009	24
516	198501	104	20510	1	77	1189	24
516	198501	104	20510	2	83	1282	24
516	198501	92	20510	2	90	1104	24
516	198501	92	20510	2	95	1113	24
516	198501	12	20510	2	82	127	25
516	198501	49	20510	2	81	343	25
516	198501	49	20510	2	83	345	25
516	198501	92	20510	2	80	1083	25
516	198501	92	20510	2	85	1094	25
516	198501	32	20510	1	73	228	26
516	198501	22	20510	1	69	154	26
516	198501	57	20510	1	70	390	26
516	198501	57	20510	2	88	441	26
516	198501	57	20510	2	89	442	26
516	198501	104	20510	1	78	1191	26
516	198501	104	20510	2	85	1286	26
516	198501	104	20510	2	85	1285	26
516	198501	67	20510	1	76	519	26
516	198501	12	20510	1	75	87	27
516	198501	2	20510	2	70	48	27
516	198501	77	20510	2	83	768	27
516	198501	57	20510	2	90	443	27
516	198501	104	20510	2	97	1308	27
516	198501	67	20510	2	93	619	27
516	198501	92	20510	1	63	978	27
516	198501	104	20510	1	74	1183	27
516	198501	104	20510	1	75	1185	27
516	198501	49	20510	1	80	308	27
516	198501	22	20510	1	74	159	28
516	198501	57	20510	1	68	388	28
516	198501	57	20510	1	77	397	28
516	198501	57	20510	1	78	398	28
516	198501	57	20510	2	87	440	28
516	198501	104	20510	2	90	1296	28
516	198501	32	20510	1	76	231	29
516	198501	77	20510	2	91	775	29
516	198501	57	20510	2	84	438	29
516	198501	57	20510	2	94	445	29
516	198501	57	20510	2	96	446	29
516	198501	104	20510	1	72	1179	29
516	198501	104	20510	2	80	1275	29
516	198501	49	20510	1	68	297	29
516	198501	49	20510	1	69	298	29
516	198501	49	20510	2	100	360	29
516	198501	92	20510	2	84	1091	29
516	198501	92	20510	2	90	1103	29
516	198501	2	20510	2	80	57	30
516	198501	104	20510	2	92	1299	30
516	198501	92	20510	1	66	983	30
516	198501	67	20510	1	73	513	30
516	198501	49	20510	2	85	347	30
516	198501	49	20510	2	94	355	30
516	198501	12	20510	1	74	86	31
516	198501	12	20510	1	80	91	31
516	198501	2	20510	2	78	56	31
516	198501	83	20510	1	74	837	31
516	198501	92	20510	2	78	1079	31
516	198501	92	20510	2	92	1108	31
516	198501	32	20510	2	80	267	32
516	198501	32	20510	2	91	275	32
516	198501	83	20510	2	92	933	32
516	198501	104	20510	2	95	1305	32
516	198501	92	20510	1	65	981	32
516	198501	104	20510	1	79	1194	32
516	198501	67	20510	2	87	611	32
516	198501	67	20510	2	88	614	32
516	198501	49	20510	1	79	307	32
516	198501	49	20510	2	86	348	32
516	198501	92	20510	2	92	1107	32
516	198501	12	20510	1	72	84	33
516	198501	104	20510	1	84	1199	33
516	198501	67	20510	2	86	610	33
516	198501	83	20510	2	86	926	34
516	198501	104	20510	2	90	1295	34
516	198501	12	20510	1	77	88	35
516	198501	77	20510	2	82	766	35
516	198501	104	20510	2	60	1235	35
516	198501	104	20510	2	82	1279	35
516	198501	104	20510	2	89	1294	35
516	198501	67	20510	1	75	517	35
516	198501	67	20510	2	90	618	35
516	198501	32	20510	2	89	274	36
516	198501	57	20510	1	73	393	36
516	198501	83	20510	2	89	930	36
516	198501	83	20510	2	101	934	36
516	198501	49	20510	1	76	305	36
516	198501	92	20510	2	85	1093	36
516	198501	92	20510	2	99	1117	36
516	198501	49	20510	2	96	357	37
516	198501	12	20510	2	74	120	38
516	198501	104	20510	2	94	1303	38
516	198501	67	20510	2	89	616	38
516	198501	49	20510	1	67	296	38
516	198501	49	20510	2	95	356	38
516	198501	67	20510	2	89	615	39
516	198501	32	20510	2	87	272	40
516	198501	32	20510	2	92	276	40
516	198501	77	20510	2	86	774	40
516	198501	92	20510	2	93	1110	40
516	198501	2	20510	1	75	26	41
516	198501	12	20510	2	83	128	42
516	198501	104	20510	2	97	1309	42
516	198501	49	20510	2	92	353	42
516	198501	104	20510	1	83	1198	43
516	198501	104	20510	2	95	1306	44
516	198501	104	20510	1	73	1181	44
516	198501	49	20510	1	74	303	45
516	198501	49	20510	2	101	361	45
516	198501	2	20510	2	88	58	46
516	198501	49	20510	2	106	363	46
516	198501	49	20510	2	107	364	46
516	198501	49	20510	2	82	344	49
516	198501	12	20510	1	78	89	51
516	198501	49	20510	2	102	362	52
516	198501	49	20510	1	85	310	54
